time,thumb1x,thumb1y,thumb1z,thumb2x,thumb2y,thumb2z,thumb3x,thumb3y,thumb3z,index1x,index1y,index1z,index2x,index2y,index2z,index3x,index3y,index3z,middle1x,middle1y,middle1z,middle2x,middle2y,middle2z,middle3x,middle3y,middle3z,ring1x,ring1y,ring1z,ring2x,ring2y,ring2z,ring3x,ring3y,ring3z,pinky1x,pinky1y,pinky1z,pinky2x,pinky2y,pinky2z,pinky3x,pinky3y,pinky3z,palmx,palmy,palmz,pinch,
1529669732630,0.8711872,0.5654235,-0.8776054,0.8347223,0.5716416,-0.8686036,0.8103423,0.5704058,-0.8577933,0.8414977,0.6017364,-0.8139718,0.8205027,0.6114185,-0.7929021,0.8047432,0.613315,-0.7820631,0.8497437,0.588419,-0.7975262,0.8264853,0.5956182,-0.7713832,0.8088104,0.5964272,-0.758271,0.8621336,0.5724698,-0.790117,0.8404513,0.5783827,-0.7649376,0.8232926,0.5791631,-0.75174,0.8749466,0.5527157,-0.7871478,0.8614138,0.5541981,-0.7654245,0.8491145,0.5533851,-0.7534786,0.883117,0.564648,-0.8413791,0.08722169,
1529669732662,0.8783606,0.5705144,-0.8825114,0.8418609,0.5799283,-0.8763059,0.8162769,0.5829614,-0.8685533,0.8496063,0.6081967,-0.8183801,0.830171,0.6191518,-0.796454,0.8151384,0.6218053,-0.7847843,0.8578826,0.5950985,-0.8013856,0.8363377,0.6032518,-0.7740432,0.8196025,0.6046976,-0.7598048,0.8698177,0.5794106,-0.7937768,0.8491178,0.5861505,-0.7679658,0.8325108,0.5874208,-0.7541258,0.8825145,0.5597709,-0.7903248,0.8695475,0.5618026,-0.7683403,0.8574684,0.5612267,-0.7561392,0.8900838,0.5699195,-0.8452837,0.09234382,
1529669732677,0.8810107,0.5720291,-0.8843784,0.8446671,0.5827154,-0.8791584,0.8189235,0.5875993,-0.8728046,0.853003,0.6101381,-0.8198215,0.8343887,0.6215637,-0.7974336,0.8197502,0.6244433,-0.7853373,0.8615456,0.5971611,-0.802622,0.841023,0.605617,-0.7745794,0.8248523,0.6072325,-0.759731,0.8734493,0.5816818,-0.7950079,0.8534845,0.5887327,-0.7686944,0.8372902,0.5901624,-0.7543991,0.8862211,0.5620995,-0.791454,0.87379,0.5642544,-0.7691881,0.8619737,0.5636854,-0.756727,0.8929495,0.5715601,-0.8468032,0.09491415,
1529669732701,0.8869996,0.5762555,-0.8875039,0.8509185,0.5881602,-0.8829268,0.8252436,0.5946531,-0.8776711,0.8600941,0.6145735,-0.8223153,0.8423952,0.6264284,-0.7994182,0.8282056,0.62956,-0.7868627,0.8689195,0.6015943,-0.8050205,0.8495501,0.6103227,-0.7762363,0.8340247,0.6121436,-0.7607411,0.8807645,0.5862061,-0.7975124,0.8616821,0.5935234,-0.7706104,0.8459868,0.5951306,-0.755796,0.8935417,0.5665888,-0.7940158,0.8817695,0.5687904,-0.7714092,0.8702956,0.5682176,-0.7586296,0.8992727,0.5756276,-0.8496677,0.09733152,
1529669732729,0.8944445,0.5815982,-0.8926365,0.8588252,0.595036,-0.8886007,0.8334194,0.6030091,-0.8841337,0.8690666,0.6199889,-0.8266026,0.8527861,0.6326814,-0.8030981,0.8392764,0.6365318,-0.7899979,0.8777879,0.606456,-0.8092296,0.8601261,0.6156879,-0.7794821,0.8456074,0.6181229,-0.7631065,0.8890214,0.5907438,-0.8019863,0.8710905,0.5984521,-0.7743862,0.8560567,0.6005057,-0.7589523,0.9012415,0.5707294,-0.798789,0.8901313,0.5729219,-0.7758518,0.8790385,0.5724692,-0.7627223,0.906641,0.5800812,-0.8545514,0.100098,
1529669732745,0.8976831,0.5836251,-0.8936948,0.8622124,0.5973692,-0.8894043,0.8369012,0.6055126,-0.8847226,0.8730644,0.6223945,-0.8276424,0.8573669,0.6355306,-0.8039805,0.8441555,0.6397951,-0.790695,0.8817062,0.6086236,-0.8102028,0.8648037,0.6182065,-0.7801121,0.8507711,0.6210422,-0.7633693,0.8926297,0.5926765,-0.8030095,0.8752533,0.6005954,-0.7751054,0.8605667,0.6029119,-0.7593712,0.9044306,0.5724071,-0.7999504,0.893566,0.5745798,-0.7768762,0.8827437,0.5742542,-0.7635057,0.9098848,0.581943,-0.8557323,0.1003449,
1529669732769,0.904389,0.5871361,-0.8956317,0.8691585,0.6013318,-0.8908674,0.8440073,0.6096541,-0.8857076,0.8811314,0.6267637,-0.8296715,0.8662286,0.6406643,-0.8059268,0.8533998,0.6455301,-0.7924666,0.8898128,0.6127812,-0.8121019,0.874005,0.6230398,-0.7816261,0.8606056,0.6264498,-0.7644692,0.9004253,0.5965153,-0.8049147,0.8839587,0.6048547,-0.7765726,0.8697975,0.6075584,-0.7604213,0.9117151,0.5759177,-0.80199,0.9013541,0.5781684,-0.7786751,0.8909447,0.5780315,-0.7649665,0.9168042,0.5853689,-0.8578927,0.1003453,
1529669732796,0.9148065,0.5909835,-0.898237,0.8798783,0.6053926,-0.8921596,0.8549483,0.6137297,-0.8860259,0.893244,0.6312691,-0.8324612,0.8794055,0.6461058,-0.8086205,0.8671914,0.6519539,-0.7949424,0.9017202,0.6167985,-0.8148822,0.8873942,0.6280293,-0.7839943,0.874964,0.6324406,-0.7663132,0.9116987,0.599605,-0.8077238,0.8965657,0.6081787,-0.7786875,0.8833468,0.6114079,-0.7618187,0.9219213,0.5783644,-0.8052489,0.9121178,0.5803056,-0.7816309,0.9023241,0.5802596,-0.7674558,0.9272087,0.58871,-0.8611165,0.09953487,
1529669732829,0.9250984,0.5939911,-0.8999008,0.8904502,0.6087149,-0.8930823,0.8657235,0.6171134,-0.8862672,0.9046886,0.6357836,-0.8350006,0.8915079,0.6516743,-0.8114502,0.879751,0.6584653,-0.797771,0.9131373,0.6213915,-0.8171889,0.8998117,0.6339117,-0.7863326,0.8880813,0.6393678,-0.7684397,0.9227931,0.6036451,-0.8096979,0.9086967,0.6128609,-0.7803137,0.8963103,0.6167692,-0.7629325,0.9323305,0.5820923,-0.8071651,0.9229987,0.584277,-0.7833535,0.9136873,0.584541,-0.7688506,0.9375337,0.5918843,-0.8631525,0.09868298,
1529669732848,0.9292511,0.5950848,-0.9005372,0.8949308,0.610391,-0.8934837,0.8703816,0.6188219,-0.8861394,0.9088725,0.6384916,-0.8370941,0.8956794,0.6550887,-0.8140346,0.8839709,0.6625371,-0.80064,0.9165987,0.6243486,-0.8190488,0.9031025,0.6381028,-0.7887931,0.8913868,0.6445551,-0.7712027,0.9257221,0.6061884,-0.8109785,0.9116724,0.6162949,-0.7818527,0.8994538,0.6209873,-0.7645315,0.9343386,0.5844117,-0.8080727,0.9245819,0.5872679,-0.7844932,0.9150193,0.5880677,-0.7701806,0.9409745,0.593355,-0.8640813,0.0969837,
1529669732875,0.9415675,0.597944,-0.9022363,0.9078399,0.6139184,-0.8940357,0.8836993,0.6225159,-0.8856285,0.922412,0.6432562,-0.8403651,0.9095826,0.6607175,-0.8177143,0.8982534,0.6690564,-0.8044839,0.9295604,0.6293797,-0.8222118,0.9163873,0.6446171,-0.7925238,0.9049699,0.6522535,-0.7751838,0.9380804,0.6105742,-0.8135753,0.9246829,0.6216216,-0.7844607,0.9131031,0.6272224,-0.7669453,0.9456501,0.5885502,-0.810411,0.9361053,0.5921689,-0.7868222,0.9268092,0.5936502,-0.772391,0.9529803,0.5964883,-0.8664797,0.09466937,
1529669732889,0.9448808,0.5986626,-0.9026025,0.9113103,0.6147789,-0.8940763,0.8872794,0.6233885,-0.8853778,0.9259714,0.6443524,-0.8411047,0.9131771,0.6620002,-0.8185702,0.9019248,0.6705444,-0.8053973,0.9329923,0.6305313,-0.8229389,0.9198617,0.6461067,-0.7934071,0.9084941,0.6540124,-0.7761496,0.9413803,0.6115339,-0.8141612,0.928148,0.6227447,-0.7850269,0.9167422,0.6285269,-0.7674512,0.9487171,0.5894606,-0.8109572,0.9392807,0.5932251,-0.787338,0.930125,0.5948597,-0.7728333,0.9562005,0.5972163,-0.8670276,0.09399495,
1529669732915,0.9512837,0.5991832,-0.9038724,0.9180604,0.6157671,-0.8949525,0.8942988,0.624566,-0.8857496,0.9336732,0.646305,-0.8431545,0.9209783,0.6643903,-0.8209217,0.909707,0.6731432,-0.8079116,0.9408485,0.6329571,-0.8249174,0.9278789,0.6494108,-0.7958176,0.9163587,0.657734,-0.7788758,0.949285,0.6138275,-0.8157241,0.9365242,0.6256567,-0.7866306,0.9252613,0.6317756,-0.7690902,0.9564776,0.5917161,-0.812167,0.9475908,0.595975,-0.7884139,0.9387079,0.5979332,-0.773795,0.9631498,0.598357,-0.8685393,0.09303709,
1529669732931,0.9555554,0.5998585,-0.9052197,0.9225283,0.6168449,-0.8963546,0.8988721,0.6258792,-0.8871152,0.9379925,0.6474257,-0.8449365,0.9249275,0.6656476,-0.8230308,0.9134226,0.6744651,-0.8102745,0.9450301,0.6342298,-0.8266564,0.93162,0.6510271,-0.7979674,0.9197153,0.6594994,-0.781376,0.9534198,0.6149147,-0.8172028,0.9404851,0.6268783,-0.7882441,0.9290509,0.633065,-0.7708448,0.9604896,0.5927581,-0.813486,0.9516081,0.5971286,-0.7897455,0.9427199,0.5991808,-0.7751507,0.9673427,0.5990637,-0.8698762,0.09206959,
1529669732955,0.9586729,0.6002928,-0.9069476,0.9257116,0.6175133,-0.8983538,0.9020495,0.6266621,-0.8892346,0.9400146,0.6479868,-0.8472983,0.9258479,0.6660974,-0.8259802,0.9137639,0.6748097,-0.8136988,0.9468268,0.6350958,-0.829004,0.9321336,0.6521617,-0.8011234,0.9193859,0.6606935,-0.7852114,0.9553437,0.6156623,-0.8191713,0.9415895,0.6277192,-0.7906374,0.9295706,0.6339002,-0.7736428,0.9624761,0.5935515,-0.8152117,0.9532121,0.5981132,-0.7916474,0.9440933,0.6002966,-0.7772224,0.9700778,0.5995691,-0.8715224,0.0903387,
1529669732970,0.9588664,0.5998985,-0.9079683,0.9258529,0.6171263,-0.8996028,0.9021523,0.6263219,-0.8906244,0.9394163,0.6478276,-0.8488787,0.9244944,0.6658065,-0.8279701,0.9120067,0.6743573,-0.8159881,0.9462481,0.6352654,-0.8305328,0.93068,0.6524196,-0.8032006,0.9173769,0.6608843,-0.7877228,0.9550456,0.6159782,-0.8204224,0.9407237,0.6281651,-0.7922335,0.9282998,0.6343378,-0.7755376,0.9624268,0.5940039,-0.8161986,0.9529149,0.5988017,-0.7927796,0.9436461,0.6011092,-0.778473,0.9701886,0.599501,-0.8725081,0.08930336,
1529669732996,0.9579787,0.5985601,-0.9110257,0.9245397,0.6150668,-0.9028778,0.9006071,0.6238723,-0.8941039,0.9363532,0.645988,-0.8525043,0.9197031,0.663096,-0.8321656,0.906352,0.6709177,-0.8206235,0.9435217,0.6340187,-0.8342046,0.9260097,0.6506063,-0.8077235,0.9115734,0.6584367,-0.7929462,0.9532445,0.6152004,-0.8238065,0.9375918,0.6270539,-0.7962002,0.9243051,0.6327865,-0.7800251,0.9615739,0.5936347,-0.8192762,0.9514737,0.5984798,-0.7961148,0.9418287,0.6006925,-0.7820482,0.9693817,0.5987677,-0.8755203,0.08743943,
1529669733031,0.9506459,0.5966415,-0.9128755,0.9162906,0.6108733,-0.9041515,0.891973,0.6182337,-0.8951026,0.9269477,0.6419818,-0.8535341,0.9086959,0.6569333,-0.8328766,0.8946244,0.6630898,-0.8211816,0.9353356,0.630652,-0.8356476,0.916056,0.6450812,-0.8091505,0.9006835,0.6511326,-0.7944868,0.9467924,0.6129035,-0.825675,0.9297855,0.6232454,-0.7982875,0.9156634,0.6276039,-0.7823985,0.9570488,0.5921323,-0.8212821,0.9464539,0.5961919,-0.7982006,0.936449,0.5975952,-0.7842894,0.9631995,0.5977629,-0.8775669,0.08650668,
1529669733049,0.94774,0.5957922,-0.9133605,0.9129143,0.6087083,-0.9044169,0.8883817,0.6153045,-0.8953519,0.9227043,0.6396669,-0.8535125,0.9035673,0.6532567,-0.8327377,0.8891171,0.6583636,-0.8210089,0.9317773,0.6287359,-0.835862,0.9114811,0.641713,-0.8094029,0.8955986,0.6465862,-0.7948563,0.9442413,0.6117122,-0.8261459,0.9264395,0.6210054,-0.7989115,0.9118656,0.6244425,-0.7832124,0.9556437,0.5915271,-0.8218566,0.9447125,0.5950406,-0.7988528,0.9344786,0.5958912,-0.7850692,0.9608541,0.5973848,-0.8780929,0.08591577,
1529669733075,0.9382964,0.5933378,-0.9145172,0.9024638,0.6025096,-0.90478,0.877483,0.6068946,-0.8955483,0.9105374,0.6325817,-0.8527095,0.8897418,0.642033,-0.8312788,0.8746854,0.6438892,-0.8193402,0.9215458,0.6227697,-0.8358347,0.8993663,0.6312002,-0.8091216,0.8825824,0.6323392,-0.7948151,0.9365616,0.6079471,-0.8270816,0.9172392,0.6138762,-0.8000216,0.9017493,0.6142904,-0.7848378,0.9510344,0.5896001,-0.8233063,0.9397207,0.5912833,-0.800333,0.9290228,0.5902268,-0.7869368,0.9530818,0.5963543,-0.8795,0.08475908,
1529669733089,0.9346898,0.5921,-0.9142197,0.898659,0.6003514,-0.9043747,0.8735939,0.6041281,-0.895106,0.9062176,0.6302964,-0.852133,0.8849189,0.6387004,-0.8307962,0.8696426,0.6396435,-0.8190461,0.9175941,0.6207277,-0.8353739,0.8949047,0.6280144,-0.8087972,0.8778502,0.6281243,-0.7947937,0.9330554,0.6063669,-0.826797,0.9132578,0.6113762,-0.7999281,0.8974746,0.6109315,-0.7850662,0.9481655,0.5884489,-0.8230952,0.9366803,0.5895896,-0.8001904,0.9258173,0.5879871,-0.7869955,0.9497397,0.5954891,-0.8792362,0.08403603,
1529669733116,0.9275607,0.5874594,-0.9120973,0.891128,0.5933399,-0.9019727,0.8658814,0.5956369,-0.8927152,0.8975314,0.622913,-0.8492781,0.8753088,0.6284307,-0.8280423,0.8597702,0.6269197,-0.8167647,0.9096514,0.6139541,-0.8329002,0.8859453,0.6182237,-0.806662,0.8685212,0.6157948,-0.7934155,0.9260622,0.6007999,-0.8247968,0.9052221,0.6034375,-0.798474,0.8888977,0.6008427,-0.7844988,0.9426062,0.5839994,-0.8212862,0.9306973,0.5837666,-0.7986208,0.9195011,0.5808293,-0.7859735,0.9431022,0.5916083,-0.8771867,0.08236767,
1529669733143,0.9161819,0.5807069,-0.9102955,0.8794777,0.5820516,-0.8996339,0.8544922,0.580533,-0.8896065,0.8842971,0.6094068,-0.8449011,0.8618293,0.6100371,-0.8233333,0.8466249,0.6049473,-0.8127519,0.89688,0.6002759,-0.8295096,0.872619,0.5993115,-0.8035086,0.8553649,0.593474,-0.7911657,0.9141156,0.5884348,-0.8225107,0.8925371,0.5870059,-0.796731,0.8761299,0.581637,-0.7837052,0.9321578,0.5729198,-0.8199423,0.9200268,0.5698986,-0.7976379,0.9087723,0.5648811,-0.785737,0.9318165,0.5843312,-0.875122,0.08102216,
1529669733169,0.9076319,0.5749488,-0.9091216,0.8712686,0.572337,-0.8977599,0.8471109,0.5675007,-0.8868689,0.875123,0.5999348,-0.8423747,0.8532102,0.5975723,-0.820417,0.8386745,0.5905789,-0.8100086,0.8878514,0.590878,-0.8278127,0.8636224,0.5865985,-0.8021578,0.8467729,0.5788057,-0.790323,0.9055945,0.5803338,-0.8214059,0.8838305,0.5767886,-0.7959919,0.8676147,0.5701436,-0.7833016,0.9244913,0.5658213,-0.819352,0.9122494,0.5614277,-0.7973648,0.9010867,0.555425,-0.7858253,0.9233581,0.5789461,-0.8739826,0.08069248,
1529669733195,0.8956449,0.565902,-0.9070482,0.860147,0.5587829,-0.8949413,0.8371133,0.5507176,-0.8835208,0.8625916,0.5875509,-0.8392962,0.8415127,0.5822302,-0.8170663,0.8278753,0.573437,-0.8067896,0.8755185,0.5789723,-0.8256398,0.8514546,0.5714402,-0.8006275,0.8351557,0.5616353,-0.7895079,0.8939708,0.5699795,-0.8196449,0.8722348,0.5642813,-0.7945994,0.8563859,0.55632,-0.7821599,0.913852,0.5567612,-0.8180436,0.9016708,0.5510089,-0.7963592,0.890795,0.5440383,-0.7850474,0.9114252,0.5711789,-0.872183,0.0805555,
1529669733229,0.8846838,0.5577449,-0.9046029,0.8501674,0.5474936,-0.8918766,0.8281336,0.5374248,-0.8801326,0.8513519,0.5774608,-0.836293,0.8307902,0.57074,-0.813964,0.8177861,0.561132,-0.8035802,0.8649078,0.5697626,-0.8230761,0.8412928,0.5607445,-0.7981435,0.8255978,0.5498956,-0.7871523,0.8843832,0.5619463,-0.8172275,0.8634695,0.5548356,-0.7918764,0.848332,0.5457723,-0.7793123,0.9052413,0.5498943,-0.8160641,0.8939694,0.5431411,-0.7942108,0.8837864,0.535284,-0.7828274,0.9006717,0.564396,-0.8700832,0.08080445,
1529669733248,0.8827516,0.5555347,-0.9045945,0.8483778,0.5445687,-0.8920796,0.8265983,0.5340492,-0.8803134,0.8487014,0.576338,-0.8367039,0.8281296,0.5698201,-0.8143374,0.8152555,0.5602118,-0.803791,0.8622651,0.5693159,-0.8233675,0.8384891,0.5605047,-0.7985388,0.8228685,0.5495343,-0.7875873,0.8820912,0.5619371,-0.8171611,0.8612317,0.5547644,-0.7918267,0.8462318,0.5453499,-0.7793854,0.9033345,0.5503574,-0.8156258,0.8922668,0.5436497,-0.7936791,0.8822478,0.5356015,-0.7822955,0.8985146,0.5634563,-0.8699787,0.08166282,
1529669733275,0.8749536,0.5511935,-0.9046359,0.8407531,0.5393838,-0.8924588,0.8198198,0.5279332,-0.8802916,0.8398911,0.573195,-0.837226,0.8194352,0.5669305,-0.8147738,0.8067994,0.5569667,-0.8043393,0.8531896,0.5668248,-0.8237934,0.8291226,0.5582352,-0.7993256,0.813527,0.546738,-0.7889873,0.8732678,0.5597057,-0.8171432,0.8523104,0.5524275,-0.792026,0.8373433,0.542425,-0.7800651,0.8947308,0.5486298,-0.815152,0.8835551,0.5420986,-0.7932649,0.8734299,0.5337868,-0.7822038,0.8901689,0.560358,-0.8698549,0.08234814,
1529669733302,0.8722087,0.5508408,-0.9047484,0.8379506,0.5391557,-0.8926779,0.8175706,0.5274813,-0.8800619,0.8370148,0.5743232,-0.8376566,0.8166497,0.5687169,-0.8149546,0.8039883,0.5590876,-0.8042358,0.8500061,0.5680279,-0.824181,0.8257465,0.5599684,-0.7997683,0.8100219,0.548635,-0.7894422,0.8699761,0.5607778,-0.8173145,0.8488044,0.5538646,-0.7922981,0.8337029,0.5439861,-0.7804058,0.8912881,0.5496982,-0.8150214,0.8798053,0.543588,-0.7931828,0.8694762,0.5354893,-0.7821513,0.8872373,0.5605746,-0.8699108,0.08326478,
1529669733328,0.8671212,0.5530179,-0.9046503,0.8324903,0.5420426,-0.893014,0.812229,0.530501,-0.8803399,0.8322353,0.5775002,-0.8374388,0.8119282,0.5728712,-0.8144458,0.7990482,0.5638904,-0.8034161,0.844857,0.5707053,-0.8239485,0.8204412,0.5633856,-0.7994641,0.8044312,0.5525225,-0.7890576,0.8645344,0.5629383,-0.8170117,0.8431555,0.5566642,-0.7919949,0.8277872,0.5472677,-0.7800419,0.8855333,0.5513737,-0.8146095,0.8738462,0.5456884,-0.7927574,0.8633076,0.5379578,-0.7816526,0.8820802,0.5622767,-0.8695693,0.08488724,
1529669733355,0.8655353,0.5554552,-0.9046392,0.8302132,0.5462629,-0.8935604,0.8094332,0.5357583,-0.880948,0.8309622,0.5824333,-0.8380551,0.8103908,0.5792184,-0.8150281,0.7971101,0.5711764,-0.803729,0.8431719,0.5752877,-0.8242782,0.8183986,0.5692765,-0.7997488,0.8019723,0.5593293,-0.7890399,0.8623089,0.5671194,-0.8170753,0.8403416,0.5622315,-0.7922269,0.8244811,0.5538189,-0.7801584,0.8829105,0.5549094,-0.8141271,0.8707732,0.5502175,-0.7922611,0.8598813,0.5432458,-0.7809849,0.8805398,0.5646821,-0.8693003,0.08584332,
1529669733382,0.8648762,0.558005,-0.9048712,0.8289685,0.5505573,-0.8943129,0.8074687,0.5413147,-0.8819643,0.8306795,0.5870613,-0.8390234,0.8100453,0.5846679,-0.8159155,0.7965878,0.5773386,-0.8043081,0.8425413,0.5797763,-0.8250128,0.817605,0.5745535,-0.8003885,0.8009784,0.5653824,-0.7892436,0.8611501,0.5716004,-0.8176146,0.8386679,0.567843,-0.7929894,0.8224488,0.5603416,-0.7807622,0.8814491,0.5589256,-0.8141022,0.8689275,0.5549937,-0.7922741,0.8578222,0.5486918,-0.7807926,0.8799039,0.5675596,-0.8694905,0.08629369,
1529669733416,0.8650579,0.5628943,-0.9061036,0.8286211,0.5573756,-0.8961127,0.8062189,0.5496578,-0.8842259,0.8316194,0.5940718,-0.8408766,0.8111068,0.5924878,-0.8175484,0.7975693,0.5859022,-0.8055573,0.843107,0.5865383,-0.8266704,0.81817,0.5820173,-0.8018105,0.8014417,0.5736811,-0.790108,0.8610159,0.5784039,-0.8192464,0.8379642,0.5758124,-0.7949436,0.8213721,0.5693126,-0.7826049,0.8808141,0.5652536,-0.8152328,0.8676549,0.5621636,-0.7935975,0.8562511,0.5566878,-0.7819558,0.8802191,0.5726559,-0.8706707,0.08704725,
1529669733449,0.8681103,0.5686061,-0.9089717,0.8311512,0.5652488,-0.8998134,0.8075016,0.5594599,-0.8890222,0.8357861,0.6009485,-0.843719,0.8153912,0.600146,-0.8201998,0.8017581,0.5943137,-0.8079052,0.8470681,0.5929171,-0.8293788,0.8223063,0.5890425,-0.8041294,0.8055664,0.5815837,-0.7918183,0.8643216,0.584558,-0.8221539,0.8409337,0.5828635,-0.7980236,0.8241091,0.5772961,-0.7855099,0.8834723,0.5708497,-0.8180357,0.8696631,0.5682777,-0.796698,0.8579419,0.5634207,-0.7850766,0.8836182,0.5778647,-0.8733148,0.08847459,
1529669733475,0.871606,0.5749319,-0.9109987,0.8342177,0.5737736,-0.9029377,0.8092167,0.5702721,-0.8938567,0.8399165,0.6080995,-0.8458178,0.8194867,0.6081185,-0.822275,0.8056657,0.6029994,-0.8098637,0.8508478,0.5996245,-0.8312765,0.826066,0.5966102,-0.8058711,0.809176,0.5899467,-0.7932986,0.8674214,0.5907867,-0.8241284,0.8436614,0.5900551,-0.8002509,0.8265755,0.5854527,-0.7876722,0.8858743,0.5764816,-0.8198611,0.8714216,0.5744951,-0.7988576,0.8593434,0.5702552,-0.7873483,0.8870904,0.5833448,-0.8749857,0.09021373,
1529669733501,0.8743217,0.579664,-0.9121828,0.8367219,0.5801042,-0.9049976,0.8109194,0.5784504,-0.8974274,0.8429937,0.6132672,-0.8469434,0.8225047,0.6139281,-0.8234734,0.8085142,0.609125,-0.8111413,0.8537706,0.6045895,-0.832206,0.8290229,0.6023381,-0.8067012,0.811999,0.5960501,-0.7941419,0.8700451,0.5952725,-0.8250051,0.8462986,0.5950835,-0.8011084,0.8291122,0.5908117,-0.7885634,0.8881074,0.5805881,-0.8206887,0.8735729,0.5789617,-0.7997074,0.8613542,0.5749616,-0.7882777,0.8897792,0.5874068,-0.8758368,0.09160791,
1529669733528,0.8786212,0.5867329,-0.9143448,0.8409497,0.5887059,-0.9077646,0.814749,0.5886824,-0.9012798,0.8479331,0.6213068,-0.8491974,0.8274709,0.6227284,-0.8257759,0.8133398,0.6181604,-0.8135446,0.858631,0.612606,-0.8342447,0.8340087,0.6113182,-0.8086016,0.8168541,0.6053445,-0.7961117,0.8747032,0.6028194,-0.826923,0.8511539,0.6032906,-0.802869,0.8339126,0.5992607,-0.790347,0.89241,0.5877934,-0.8225305,0.8779883,0.5866555,-0.801452,0.8656774,0.5828869,-0.7900676,0.8941598,0.5940673,-0.8778074,0.09256563,
1529669733555,0.8809261,0.5907692,-0.9143484,0.843329,0.5936775,-0.9076644,0.8170745,0.5945737,-0.9014207,0.8510487,0.625869,-0.8491521,0.8308274,0.6277049,-0.8255911,0.8167368,0.6231543,-0.8133354,0.8619741,0.6172588,-0.8340626,0.8378363,0.6165501,-0.807982,0.8207995,0.6106757,-0.795331,0.8779989,0.6071782,-0.8267923,0.8549002,0.6078457,-0.8023533,0.8377768,0.6036875,-0.7897507,0.8956323,0.5919695,-0.822481,0.8816072,0.5908477,-0.8011722,0.8693253,0.5868744,-0.7898638,0.8967805,0.5979714,-0.8779567,0.09260661,
1529669733584,0.883922,0.5955459,-0.9150134,0.8463414,0.5992941,-0.9086595,0.8200452,0.6008468,-0.9027184,0.8538847,0.6312438,-0.8502533,0.833431,0.6336427,-0.8269875,0.8191069,0.6291926,-0.8150003,0.8648037,0.6226289,-0.8348691,0.8406525,0.6225914,-0.8088399,0.8234644,0.616878,-0.7963643,0.8807013,0.6121535,-0.827379,0.8576748,0.6130655,-0.8029231,0.8404605,0.6088305,-0.7905142,0.8981419,0.5966984,-0.8229233,0.8841687,0.5956204,-0.801609,0.8717551,0.5915239,-0.7905257,0.8995832,0.6025189,-0.8785089,0.09218906,
1529669733615,0.8881004,0.6036681,-0.915607,0.850623,0.6086618,-0.9094887,0.8243423,0.6112092,-0.9038135,0.8581548,0.6412272,-0.8520032,0.8375485,0.6448574,-0.8290604,0.8229871,0.6409719,-0.8171914,0.8690385,0.6327924,-0.8361572,0.8449785,0.6341518,-0.810114,0.8276493,0.6290761,-0.7975918,0.8847755,0.6218848,-0.8282213,0.8620025,0.6236439,-0.8036022,0.8447734,0.619753,-0.7911419,0.9018747,0.6061547,-0.8234184,0.8880719,0.6056172,-0.8019853,0.8756292,0.6017922,-0.7908605,0.9035472,0.6108565,-0.8792416,0.09160261,
1529669733635,0.8904477,0.6089917,-0.9158144,0.8530428,0.614603,-0.9097657,0.826789,0.6176581,-0.9042157,0.8604688,0.6473287,-0.8528582,0.8398186,0.6514301,-0.8300456,0.8251743,0.647768,-0.818216,0.8713406,0.6390295,-0.8367866,0.8473607,0.6409693,-0.810729,0.8299859,0.6361326,-0.798193,0.8869258,0.6279415,-0.8286714,0.864199,0.6300272,-0.804052,0.8469312,0.6262409,-0.7916328,0.9038076,0.6121287,-0.8237094,0.8899198,0.6118212,-0.8023367,0.8773679,0.608081,-0.7913212,0.9057486,0.6162953,-0.8795769,0.09113263,
1529669733662,0.8922058,0.6219105,-0.9152659,0.8548576,0.6276126,-0.9089491,0.82866,0.6307727,-0.9032021,0.8619053,0.6617452,-0.853656,0.8412987,0.6665457,-0.8309467,0.8266845,0.6632047,-0.8189918,0.873026,0.6540691,-0.8372131,0.8493689,0.6569046,-0.8109645,0.8321227,0.6524063,-0.7981461,0.8886032,0.6431212,-0.8288133,0.8660786,0.6457247,-0.8040889,0.848887,0.6419998,-0.7915782,0.9054655,0.6275625,-0.8235285,0.8915864,0.6277443,-0.8021744,0.8789744,0.6240866,-0.7912257,0.9073609,0.6301891,-0.8795131,0.09026128,
1529669733689,0.8942529,0.6290133,-0.9152792,0.8568983,0.6344881,-0.9088074,0.8307238,0.6374283,-0.9028553,0.8632274,0.6692071,-0.8544649,0.8424735,0.6742167,-0.8319401,0.8277792,0.6709717,-0.8200575,0.8743371,0.6617395,-0.8377947,0.8506546,0.6648769,-0.8116192,0.8333709,0.660467,-0.7988312,0.8898128,0.6507702,-0.8292058,0.8671816,0.6534362,-0.8046085,0.8499174,0.6496186,-0.7922447,0.9065937,0.6352848,-0.8237481,0.892502,0.6355165,-0.8025509,0.8797486,0.6317848,-0.7918053,0.9089945,0.637603,-0.8797361,0.08938295,
1529669733715,0.8955273,0.6384908,-0.9144739,0.8581792,0.6439034,-0.9079227,0.8320266,0.6467823,-0.9018501,0.8638951,0.6797222,-0.8548422,0.8429534,0.6852957,-0.8326229,0.828141,0.6823757,-0.8208013,0.8750032,0.6726011,-0.8378723,0.851275,0.6764458,-0.8118391,0.8339308,0.6723792,-0.7990265,0.8904024,0.6616517,-0.828967,0.8677082,0.6647569,-0.8044934,0.8503868,0.6610987,-0.7921739,0.9070926,0.6462383,-0.8231879,0.8928657,0.646812,-0.8020957,0.8800251,0.6432136,-0.7914146,0.9099168,0.6476735,-0.8792006,0.08860524,
1529669733742,0.8965585,0.6537625,-0.9131361,0.8592477,0.659325,-0.9064976,0.8331296,0.6623744,-0.9003546,0.864535,0.6974131,-0.8556756,0.8433585,0.704012,-0.8339715,0.8283957,0.7016424,-0.8222141,0.8756897,0.691077,-0.8383048,0.8518934,0.6963173,-0.8125919,0.8344533,0.6929388,-0.7997146,0.8910337,0.6802813,-0.8288456,0.8682868,0.684412,-0.8045968,0.8508949,0.6812087,-0.7922568,0.9076263,0.6650261,-0.8224269,0.8932933,0.6664276,-0.8014574,0.8803637,0.6632086,-0.7907691,0.910732,0.6643043,-0.8784354,0.08758039,
1529669733769,0.8969572,0.6649673,-0.9119034,0.8597226,0.6709098,-0.9051813,0.8336792,0.6742152,-0.898864,0.864914,0.7106951,-0.8562816,0.8435525,0.7181386,-0.8350523,0.8284397,0.7162039,-0.8234092,0.8760237,0.7049384,-0.8386467,0.8521107,0.7113622,-0.8133316,0.8345285,0.708578,-0.8005113,0.8912468,0.6941767,-0.8287289,0.8683905,0.6991872,-0.804774,0.8508816,0.696403,-0.7925005,0.9076637,0.6789647,-0.8217741,0.8931767,0.681055,-0.8009813,0.8801161,0.6781749,-0.7903602,0.9110376,0.6765192,-0.8777086,0.0865097,
1529669733796,0.897555,0.6828284,-0.9092945,0.8603731,0.6891467,-0.9026626,0.834401,0.6926332,-0.8961673,0.8648654,0.7303294,-0.8558366,0.8431076,0.7387387,-0.8353629,0.8277282,0.737474,-0.8239644,0.8757703,0.7251266,-0.8378595,0.8515158,0.7328759,-0.8132269,0.8336943,0.7309463,-0.8005641,0.890793,0.7143137,-0.8273207,0.8676381,0.7202121,-0.8038456,0.8499545,0.7180271,-0.7916783,0.9069806,0.699146,-0.8197237,0.8921775,0.7018886,-0.7992227,0.8789593,0.6994274,-0.7886798,0.9111643,0.6951662,-0.8754942,0.08525534,
1529669733815,0.897537,0.6892672,-0.908193,0.8603123,0.6955573,-0.901778,0.8343042,0.6990376,-0.8954253,0.8644975,0.7371119,-0.8552616,0.8426253,0.7456359,-0.8349575,0.8271946,0.7444299,-0.8236217,0.8753302,0.7320731,-0.8371937,0.8509444,0.739966,-0.8127366,0.8330678,0.7381009,-0.8001417,0.8903266,0.7213722,-0.8265005,0.8670505,0.7274044,-0.8031796,0.8493153,0.7252781,-0.7910768,0.9065104,0.7062979,-0.8187109,0.8916061,0.7091681,-0.7983007,0.8783447,0.7067615,-0.7877997,0.9109389,0.7018436,-0.8744102,0.0852453,
1529669733836,0.9002991,0.7023745,-0.9043608,0.8630894,0.7093043,-0.8986948,0.8371325,0.712891,-0.8922566,0.8653489,0.7507062,-0.8535806,0.8424559,0.7600826,-0.8347538,0.8263836,0.7597595,-0.8242376,0.8754809,0.7458044,-0.8349921,0.8501179,0.7550215,-0.8119518,0.8316494,0.7543332,-0.8000637,0.8900418,0.7346298,-0.823323,0.8661153,0.7415155,-0.8008338,0.8480198,0.7403353,-0.7890828,0.9056767,0.7192876,-0.8148212,0.8901932,0.722682,-0.7948831,0.8766721,0.7208784,-0.7845595,0.9123874,0.7146761,-0.8703218,0.08329936,
1529669733862,0.901673,0.7222512,-0.8980939,0.8647027,0.7305524,-0.8930204,0.838935,0.7347028,-0.8862489,0.8657082,0.771821,-0.8499578,0.8416283,0.7824662,-0.833282,0.8248562,0.783469,-0.8239158,0.8753145,0.7671018,-0.8307792,0.8489786,0.7781204,-0.8095779,0.8299494,0.7790512,-0.7985717,0.8897475,0.7555916,-0.8178518,0.8656552,0.7641126,-0.7960207,0.8474047,0.7644352,-0.7844088,0.9046903,0.7398988,-0.8086556,0.8890451,0.7444934,-0.7890427,0.8754442,0.7438159,-0.7786409,0.9128501,0.7342378,-0.8639461,0.08038514,
1529669733889,0.9040487,0.7334289,-0.8955663,0.8672637,0.7422922,-0.890407,0.8417281,0.7464348,-0.88291,0.8676114,0.7834067,-0.8487115,0.8429442,0.7947863,-0.8333402,0.825851,0.7965952,-0.8246771,0.8770244,0.7787468,-0.8292507,0.8502328,0.7907743,-0.8091164,0.8309711,0.7926601,-0.7986164,0.891562,0.7670474,-0.8156127,0.8675669,0.7764478,-0.7939962,0.8493258,0.7775279,-0.7824066,0.9062458,0.7511052,-0.8061385,0.8907546,0.7562804,-0.7865264,0.8772373,0.7561519,-0.7759794,0.9148527,0.7451109,-0.8613957,0.07848075,
1529669733915,0.904925,0.745948,-0.8914084,0.8682531,0.7550596,-0.8862228,0.8429451,0.7590191,-0.8780301,0.8676824,0.796165,-0.8459253,0.8424907,0.8078909,-0.8316432,0.825163,0.8100948,-0.8235444,0.8770591,0.7918695,-0.8261966,0.849874,0.8045095,-0.8069291,0.8304571,0.8069345,-0.7968179,0.8918133,0.7803875,-0.8119603,0.8678418,0.790437,-0.7905897,0.8496029,0.7919608,-0.7790537,0.906507,0.764547,-0.8021358,0.8911399,0.7702652,-0.7825696,0.8776894,0.7705144,-0.7719361,0.9153678,0.7577558,-0.8573082,0.07676995,
1529669733942,0.9066317,0.7643738,-0.8828621,0.8704084,0.7740518,-0.876646,0.8459529,0.7774736,-0.8662515,0.8689103,0.8152572,-0.8395808,0.8432491,0.8275014,-0.8265506,0.8256956,0.8303596,-0.8191192,0.8780661,0.8113811,-0.8195709,0.8506072,0.8251703,-0.8014232,0.8310794,0.8286719,-0.7918065,0.8925574,0.7998499,-0.8047051,0.8683828,0.8108557,-0.7840157,0.8499996,0.813098,-0.7728274,0.9068095,0.783977,-0.794454,0.8910687,0.7904596,-0.7754379,0.8773572,0.7912205,-0.7651585,0.9165441,0.7761397,-0.8492395,0.07367996,
1529669733968,0.9061423,0.7763031,-0.8777413,0.8705311,0.7870151,-0.8702891,0.8467991,0.7908411,-0.8585394,0.86985,0.8281034,-0.8349376,0.8445402,0.8409683,-0.8217482,0.8272103,0.8446037,-0.8140734,0.8791934,0.8244501,-0.8151425,0.8521692,0.8391724,-0.797015,0.8329109,0.8435916,-0.7871851,0.893561,0.8127242,-0.8003154,0.8695966,0.824332,-0.7796963,0.8513175,0.8270632,-0.7684299,0.9076273,0.7969296,-0.7901074,0.8919907,0.8041984,-0.7712677,0.87834,0.8055696,-0.7609686,0.9166485,0.788055,-0.8447146,0.07246624,
1529669733983,0.9058883,0.7816489,-0.8757718,0.870532,0.7929417,-0.867972,0.8469591,0.797219,-0.8560283,0.8705559,0.8339089,-0.8328258,0.8455399,0.8471133,-0.8193942,0.8283577,0.8510409,-0.8115255,0.8800227,0.830258,-0.8131785,0.8533118,0.8453838,-0.7949037,0.8342172,0.8501586,-0.7849053,0.8943433,0.8183777,-0.7984593,0.8705609,0.8302135,-0.7777618,0.85236,0.8331192,-0.7664042,0.9083697,0.8025793,-0.7883332,0.892939,0.8102056,-0.769446,0.8794042,0.8118703,-0.7590432,0.9167944,0.7933214,-0.8429349,0.07227243,
1529669734015,0.9037611,0.7978749,-0.8709991,0.8694751,0.8111486,-0.8617967,0.8466059,0.8166481,-0.848963,0.8728733,0.8512914,-0.8260324,0.8494443,0.8661028,-0.8113916,0.8330202,0.8713745,-0.8027225,0.8823683,0.8464132,-0.8068606,0.8571554,0.8627484,-0.7873822,0.8389808,0.8689339,-0.7764657,0.8963103,0.8335111,-0.7929374,0.8733965,0.8458687,-0.7715822,0.8555467,0.8493282,-0.7598059,0.9098151,0.8170614,-0.7835489,0.8951912,0.8253825,-0.7642604,0.8821746,0.8279365,-0.753372,0.9162602,0.8082393,-0.8383491,0.07292277,
1529669734036,0.9031029,0.804781,-0.8709424,0.869707,0.8195453,-0.8606925,0.8472964,0.826452,-0.8475968,0.8762456,0.8590541,-0.8242716,0.8543242,0.8748078,-0.8082976,0.8387471,0.8809237,-0.798675,0.8863262,0.8538375,-0.8057058,0.8626603,0.8710293,-0.7850438,0.845373,0.8780351,-0.7731938,0.9001009,0.8403409,-0.7926487,0.8780825,0.8531457,-0.7706242,0.86071,0.8570562,-0.7582644,0.9136748,0.8237572,-0.7838463,0.8999525,0.8327172,-0.7641933,0.8874273,0.8358427,-0.7528631,0.9174535,0.8145905,-0.8386829,0.07371294,
1529669734063,0.9003096,0.8157918,-0.8684891,0.8674573,0.8318403,-0.8581648,0.8451908,0.8402642,-0.8456053,0.8764435,0.8708338,-0.8208173,0.8556004,0.8869723,-0.8037933,0.8406739,0.8934275,-0.7933892,0.8872197,0.865831,-0.8027936,0.8648658,0.8837292,-0.7812465,0.8484377,0.8914357,-0.7686111,0.901148,0.8523396,-0.7903399,0.8801497,0.8659133,-0.7677263,0.8635046,0.8706527,-0.7546338,0.9151324,0.8358698,-0.7817871,0.9026583,0.8456667,-0.7616762,0.8909743,0.8495578,-0.7496787,0.9161825,0.825646,-0.8365801,0.07465423,
1529669734090,0.8998568,0.8211506,-0.8669968,0.8670443,0.8376631,-0.8571646,0.8447474,0.8468059,-0.8451471,0.876761,0.8764595,-0.819,0.8563663,0.8923771,-0.8012314,0.8418131,0.8987191,-0.7902437,0.8880876,0.8721083,-0.8014163,0.8661677,0.8899915,-0.7794023,0.8501221,0.8977433,-0.7663045,0.9026189,0.8593481,-0.78929,0.8822408,0.8734457,-0.7663783,0.8661667,0.8787193,-0.7527707,0.9172583,0.8433731,-0.7807699,0.9055882,0.8538215,-0.7604733,0.8946096,0.8582888,-0.7480051,0.9166261,0.8317082,-0.8352526,0.07561723,
1529669734115,0.8994612,0.8265569,-0.8663741,0.8668281,0.8439004,-0.857401,0.8445845,0.8538147,-0.8459108,0.8770384,0.8825043,-0.8185765,0.8570789,0.8985353,-0.8004173,0.8428065,0.9049461,-0.7891096,0.8885161,0.8786413,-0.8012092,0.8669989,0.8968827,-0.7790827,0.8512414,0.9049163,-0.7658015,0.9031787,0.8663719,-0.7891616,0.8832709,0.8813094,-0.7663239,0.8675996,0.8873152,-0.7525452,0.9179636,0.8506911,-0.7804848,0.9068034,0.862002,-0.7603344,0.896331,0.8672347,-0.7477176,0.9165543,0.8375576,-0.8345968,0.07644571,
1529669734142,0.8999354,0.8358241,-0.8624113,0.8680546,0.8548257,-0.854117,0.846269,0.866021,-0.8429449,0.8792007,0.8925696,-0.8147429,0.8601092,0.9090213,-0.7960415,0.8462844,0.9156587,-0.784321,0.890667,0.8889148,-0.797684,0.8698925,0.9078225,-0.7753872,0.8546292,0.9164369,-0.7618833,0.9052497,0.8768815,-0.7857952,0.8860653,0.8929462,-0.7630486,0.8709512,0.8999675,-0.7491158,0.9199185,0.8613311,-0.7770663,0.9094135,0.8737626,-0.7571931,0.8995423,0.8800007,-0.7445303,0.9174289,0.8467278,-0.8306804,0.07681577,
1529669734169,0.9008155,0.8420772,-0.8602147,0.8694879,0.8620573,-0.852253,0.8481181,0.8738984,-0.8409843,0.8809212,0.8993596,-0.8128967,0.8622887,0.9160307,-0.7939417,0.8486954,0.9227871,-0.7820188,0.8923007,0.8959018,-0.7960215,0.8718549,0.915232,-0.7737799,0.856806,0.924184,-0.760249,0.9068174,0.8840607,-0.7841537,0.8879834,0.9008569,-0.761624,0.8731247,0.9084715,-0.7477275,0.9213282,0.8686224,-0.7753431,0.9110675,0.8818074,-0.7558185,0.901459,0.8886844,-0.7432786,0.9184517,0.8530197,-0.8285632,0.07659879,
1529669734195,0.9025767,0.8489645,-0.858493,0.8716099,0.8696719,-0.8513178,0.850579,0.8819499,-0.8399542,0.8820796,0.9069643,-0.8124802,0.8635678,0.9237546,-0.7935297,0.8500502,0.9305429,-0.7815319,0.8932746,0.9042307,-0.7957149,0.8727349,0.9240106,-0.7739635,0.8576618,0.9332523,-0.7606485,0.9077532,0.8930109,-0.7836126,0.888813,0.9106086,-0.7617756,0.87397,0.9188122,-0.7481965,0.9222,0.8781346,-0.7744557,0.9116876,0.8923343,-0.7557805,0.9020536,0.8999733,-0.7436978,0.9197919,0.8605326,-0.8268253,0.07599161,
1529669734229,0.9063332,0.8550333,-0.8580855,0.875964,0.8768498,-0.8521847,0.8552492,0.8898011,-0.8410549,0.8832748,0.9132746,-0.8144578,0.864389,0.9301333,-0.7959089,0.8507838,0.9372294,-0.7841654,0.8934811,0.9110934,-0.7973794,0.8718997,0.9307359,-0.7765186,0.8563013,0.9399369,-0.7637815,0.9066927,0.9001386,-0.7848898,0.8854519,0.9171554,-0.764739,0.8694804,0.9251083,-0.7523016,0.9207994,0.8865499,-0.775229,0.9080439,0.9014916,-0.7586179,0.8972688,0.909736,-0.7479471,0.9216337,0.8670563,-0.8263083,0.07420101,
1529669734248,0.9059124,0.8586296,-0.8585242,0.8761207,0.8813295,-0.8528796,0.8555245,0.895009,-0.8423152,0.8831308,0.9169983,-0.8154683,0.8638598,0.9335741,-0.7971236,0.8498297,0.9402162,-0.7856245,0.8927296,0.9143993,-0.798161,0.8704913,0.9335572,-0.7776296,0.8541677,0.941992,-0.7653004,0.9049999,0.9028075,-0.7855288,0.8824835,0.9187734,-0.7660489,0.8653406,0.9253356,-0.7544288,0.9186113,0.8892295,-0.7756838,0.9050595,0.9040112,-0.7595961,0.8936595,0.9120428,-0.7494417,0.9206021,0.8701095,-0.826752,0.07273213,
1529669734263,0.9054719,0.8659979,-0.8551776,0.8765732,0.8897148,-0.8487632,0.8564701,0.9041454,-0.8381813,0.8842823,0.9239327,-0.8115212,0.864727,0.939604,-0.7928169,0.8502555,0.9452093,-0.7813069,0.8936278,0.9206859,-0.7942882,0.8708187,0.938719,-0.7736026,0.8535866,0.9456065,-0.7615544,0.9053805,0.9083312,-0.7818072,0.8823273,0.92322,-0.7623035,0.8643854,0.9282769,-0.7512028,0.9183118,0.8942313,-0.7722152,0.9041194,0.9082754,-0.7560984,0.8919168,0.9154567,-0.7462469,0.9203691,0.8763774,-0.8236327,0.07042415,
1529669734289,0.9068202,0.8729552,-0.8497078,0.8786413,0.8975358,-0.8427812,0.8588359,0.912837,-0.8327873,0.8866049,0.9303039,-0.8058251,0.866336,0.9450074,-0.7871893,0.8512686,0.9496206,-0.7760345,0.8954781,0.9264049,-0.7886437,0.8715836,0.9431432,-0.7683796,0.8532492,0.9483082,-0.7571884,0.9066762,0.9133498,-0.7762293,0.8826748,0.9270401,-0.7572336,0.8638127,0.9304774,-0.747205,0.9190277,0.8988809,-0.7667311,0.9039634,0.9121685,-0.7509121,0.8905945,0.9181759,-0.7418829,0.921751,0.8823216,-0.8183541,0.06805269,
1529669734315,0.907337,0.8764608,-0.8442801,0.8785151,0.9004328,-0.837644,0.8583806,0.9156235,-0.8281358,0.8849551,0.934242,-0.802856,0.8636212,0.9480549,-0.7848073,0.8481073,0.9516975,-0.7739212,0.8943336,0.9315078,-0.7856351,0.8695085,0.9474834,-0.7659938,0.8507293,0.9515171,-0.7551422,0.9062765,0.9194438,-0.7728502,0.881633,0.9324901,-0.7543203,0.8625416,0.9350476,-0.7444851,0.9193679,0.90596,-0.7629448,0.9037004,0.9190665,-0.7476481,0.8897936,0.9243668,-0.7390554,0.9222158,0.8875291,-0.8138394,0.06592493,
1529669734329,0.9055887,0.8806556,-0.8398589,0.8763204,0.9041804,-0.833705,0.8560118,0.9191123,-0.8241944,0.8814011,0.9388137,-0.8003433,0.859481,0.9521557,-0.7826782,0.8437958,0.9552938,-0.7718762,0.8910983,0.9371116,-0.7831432,0.8657414,0.9527682,-0.7639449,0.8468317,0.9563398,-0.7531688,0.9036174,0.9260107,-0.770077,0.878587,0.9388059,-0.7519431,0.8594081,0.9408922,-0.7421663,0.9172662,0.9133852,-0.7598336,0.9012204,0.9265664,-0.7450228,0.8870889,0.9316028,-0.7366579,0.9204303,0.8931069,-0.8097499,0.06477287,
1529669734355,0.9026814,0.8860548,-0.8327653,0.8733483,0.9094,-0.8267624,0.8533545,0.9240722,-0.8163573,0.8766149,0.9440084,-0.7944242,0.8546368,0.9569376,-0.7765622,0.8391474,0.9597926,-0.7653792,0.8870947,0.9438004,-0.7775447,0.862077,0.9599071,-0.7581784,0.8436115,0.9640342,-0.7467936,0.900638,0.9340616,-0.7643989,0.876243,0.9475998,-0.7459198,0.8574876,0.9500642,-0.7354354,0.9150108,0.922241,-0.7541388,0.8993564,0.9359651,-0.7394099,0.8854685,0.9411904,-0.7307564,0.9171414,0.8997716,-0.8035024,0.06384786,
1529669734384,0.9026356,0.8930093,-0.823013,0.8733371,0.9161049,-0.8165683,0.8539,0.9302463,-0.8047269,0.8756984,0.9506427,-0.7846967,0.8541982,0.9640973,-0.7664537,0.8392718,0.9681008,-0.754828,0.8870156,0.9516407,-0.7682519,0.8632996,0.9696757,-0.7485795,0.8462671,0.9769307,-0.7364007,0.9016123,0.9430598,-0.755247,0.8792677,0.9595412,-0.736171,0.8621222,0.965659,-0.724369,0.9163906,0.9313077,-0.7451458,0.9023603,0.9466373,-0.7301764,0.8901461,0.9541416,-0.7206131,0.9170877,0.9072322,-0.7940364,0.06431834,
1529669734417,0.8990626,0.9089816,-0.8036634,0.8700969,0.9318485,-0.7957795,0.8514925,0.9449911,-0.7819037,0.8732318,0.9663458,-0.7638831,0.852306,0.9806373,-0.7454555,0.8377983,0.9857688,-0.7337321,0.8851742,0.9671575,-0.7474723,0.8630418,0.9868618,-0.7273226,0.8473837,0.9962901,-0.7147527,0.9003783,0.9584368,-0.7346212,0.8810958,0.9779504,-0.7146337,0.8670295,0.9885644,-0.7017901,0.9147692,0.945577,-0.724795,0.9029847,0.9620107,-0.7088392,0.8935733,0.9718996,-0.6982163,0.913977,0.922407,-0.7745035,0.06458217,
1529669734449,0.8951408,0.9287946,-0.7771322,0.8662381,0.9511784,-0.7673126,0.8477352,0.9635304,-0.7526751,0.8722702,0.986056,-0.7353989,0.8516327,1.000872,-0.7169832,0.837194,1.006467,-0.7054299,0.8846878,0.9855643,-0.7187429,0.8638662,1.006028,-0.6978891,0.8490205,1.016257,-0.6849823,0.8999629,0.9754442,-0.7060348,0.8829195,0.9956688,-0.6847185,0.8705797,1.007301,-0.6710498,0.9135319,0.9606657,-0.6965062,0.9032832,0.9762341,-0.6787109,0.8949652,0.9857112,-0.6668983,0.9112914,0.9407322,-0.7479897,0.06470505,
1529669734476,0.8892174,0.9456971,-0.7495148,0.8597227,0.9665511,-0.737628,0.8409366,0.9776714,-0.7224532,0.8674088,1.002424,-0.7075015,0.8445888,1.013985,-0.6899407,0.8284839,1.015963,-0.6793094,0.8806041,1.00171,-0.6906079,0.8594151,1.021818,-0.6698391,0.8439633,1.031375,-0.6571546,0.8960752,0.99066,-0.6778693,0.8797011,1.010759,-0.6559137,0.8676984,1.022311,-0.6418896,0.9091676,0.9746423,-0.6685662,0.89933,0.9892292,-0.6497439,0.8910216,0.9979211,-0.6373429,0.906249,0.9572688,-0.7212656,0.05901416,
1529669734490,0.8846645,0.9488589,-0.7426028,0.8546376,0.9680923,-0.7292047,0.8356459,0.9782339,-0.7135733,0.862819,1.004905,-0.7003021,0.8391655,1.014377,-0.682917,0.8227063,1.013956,-0.6727462,0.8763852,1.004282,-0.6835622,0.8540721,1.0228,-0.6626215,0.8375553,1.030499,-0.6500312,0.8925148,0.9933601,-0.6711178,0.8754659,1.012348,-0.6487502,0.8626333,1.022718,-0.634531,0.9060806,0.9772525,-0.662143,0.8959117,0.9909195,-0.6428676,0.8867613,0.9984824,-0.6303346,0.9026436,0.9608743,-0.7149854,0.05577075,
1529669734515,0.8787577,0.9521358,-0.7264576,0.8479241,0.9687039,-0.7112826,0.8286228,0.9775441,-0.695159,0.8563606,1.007889,-0.6841619,0.8326026,1.014803,-0.6661825,0.8166474,1.01121,-0.6560036,0.8704394,1.007969,-0.6681603,0.8468149,1.02383,-0.6467848,0.8293463,1.028577,-0.6340865,0.887922,0.9980261,-0.6562364,0.8696951,1.014838,-0.6332573,0.8555213,1.022726,-0.6187413,0.9029254,0.9825898,-0.647647,0.8922871,0.9947659,-0.6277561,0.8822956,1.000594,-0.6149636,0.8978555,0.966097,-0.7003556,0.05300921,
1529669734542,0.8714353,0.9602236,-0.6993401,0.8408551,0.9737567,-0.680981,0.8224958,0.9807453,-0.662887,0.8482745,1.015353,-0.6565174,0.8257095,1.020653,-0.6365553,0.8111911,1.015281,-0.6252755,0.8629351,1.01624,-0.6417752,0.8392051,1.029391,-0.6187966,0.8220824,1.031773,-0.6050355,0.881948,1.007913,-0.6311041,0.8631182,1.021957,-0.6069701,0.848274,1.026684,-0.5917964,0.8987225,0.9938825,-0.6234902,0.8876053,1.004247,-0.6029776,0.8769404,1.007837,-0.5899243,0.8913481,0.9766243,-0.6755934,0.0522988,
1529669734556,0.8670679,0.9627696,-0.6911609,0.8376246,0.9757555,-0.6707168,0.8204187,0.9823397,-0.6513736,0.8450702,1.018487,-0.6486742,0.8231038,1.02393,-0.6280543,0.8089417,1.018742,-0.6162612,0.860228,1.019392,-0.6343447,0.8372161,1.032454,-0.610606,0.8205235,1.034599,-0.5963308,0.879537,1.011201,-0.6243256,0.8612992,1.025107,-0.59971,0.8467198,1.029429,-0.5841952,0.8964032,0.9971969,-0.6172172,0.8855506,1.007426,-0.5965195,0.8749122,1.010625,-0.5833809,0.8875493,0.9796568,-0.6688418,0.05186228,
1529669734583,0.8578176,0.9655458,-0.6798064,0.8300396,0.9774621,-0.6565409,0.8144639,0.9831084,-0.6356617,0.8383145,1.021755,-0.6368631,0.8170897,1.026818,-0.6154456,0.8033342,1.021239,-0.6033769,0.8543359,1.02244,-0.6230801,0.8328761,1.03615,-0.5981377,0.8171848,1.039433,-0.5829441,0.8737677,1.013836,-0.6141227,0.8570479,1.028423,-0.5887188,0.8436818,1.033938,-0.5724798,0.8904881,0.9992961,-0.6078603,0.8806434,1.009689,-0.5866838,0.870913,1.013475,-0.5729837,0.8793023,0.9825878,-0.6591856,0.05118718,
1529669734616,0.8505766,0.9628325,-0.6682116,0.8251015,0.9728708,-0.6415911,0.8119203,0.9771441,-0.6189113,0.8319815,1.020088,-0.62622,0.8117628,1.024183,-0.6038531,0.7989766,1.017152,-0.5916339,0.848793,1.021307,-0.6132495,0.8287178,1.035292,-0.5872318,0.8140356,1.039099,-0.5711691,0.8684414,1.013009,-0.6053804,0.8527153,1.027943,-0.5794792,0.8401837,1.033913,-0.5627412,0.8851123,0.9983744,-0.5997724,0.875484,1.008639,-0.5783605,0.8663307,1.012678,-0.5643219,0.8721838,0.9813727,-0.6502743,0.05012208,
1529669734637,0.8459009,0.9620482,-0.6584281,0.8222315,0.9711357,-0.6297895,0.8098783,0.9750872,-0.6065481,0.8274346,1.019853,-0.6176324,0.8070011,1.022132,-0.5957801,0.7951997,1.012203,-0.5851318,0.8448789,1.021377,-0.6049355,0.8249911,1.035565,-0.5788422,0.8105063,1.039685,-0.5626799,0.8645911,1.012988,-0.5975624,0.8490948,1.028387,-0.571737,0.836899,1.034983,-0.5549821,0.8812122,0.998025,-0.5921926,0.8715034,1.008192,-0.5707692,0.8623151,1.01215,-0.5567319,0.8673646,0.9812726,-0.6422322,0.04529604,
1529669734652,0.8399041,0.9616411,-0.6471664,0.8164799,0.9695385,-0.6178991,0.8037227,0.9732836,-0.5948322,0.8189745,1.018767,-0.6075057,0.7985427,1.017267,-0.5867242,0.7893411,1.003417,-0.5785317,0.8370885,1.022137,-0.5951096,0.8166989,1.036062,-0.5692374,0.8021662,1.040101,-0.5530883,0.8573705,1.014664,-0.5880119,0.8415986,1.030284,-0.5624425,0.8297434,1.037669,-0.5457277,0.8749297,1.00044,-0.5826939,0.865479,1.010998,-0.5613116,0.856747,1.0154,-0.5471005,0.860645,0.9824165,-0.6321421,0.03715562,
1529669734676,0.8347849,0.9617161,-0.6357254,0.8109345,0.9686437,-0.6065307,0.7971826,0.9722031,-0.5839867,0.8117352,1.017901,-0.5968683,0.7918046,1.013044,-0.5775948,0.7858344,0.9966648,-0.5721399,0.8301729,1.022985,-0.5845389,0.8091211,1.036893,-0.559153,0.7944212,1.041242,-0.543211,0.8508786,1.016282,-0.5774781,0.8348516,1.032545,-0.5524089,0.823135,1.040753,-0.5359833,0.8691145,1.002585,-0.5720205,0.8600899,1.014005,-0.5508097,0.8524811,1.019985,-0.5364785,0.8549275,0.9836096,-0.6211808,0.02945341,
1529669734702,0.8329236,0.9587535,-0.6273592,0.8088138,0.9644211,-0.5981328,0.7943004,0.9674927,-0.5760875,0.8091522,1.013378,-0.5877605,0.7903777,1.005784,-0.5692081,0.7871168,0.9883849,-0.5652796,0.8282554,1.020148,-0.5759135,0.8073631,1.033684,-0.5501542,0.7929838,1.038004,-0.5339079,0.849707,1.014274,-0.5696174,0.834324,1.030825,-0.5442882,0.8231263,1.039255,-0.5276335,0.8689365,1.00119,-0.5648034,0.8612761,1.013269,-0.5433692,0.8549621,1.020094,-0.5288005,0.8530244,0.9815996,-0.6134214,0.02459473,
1529669734729,0.8281481,0.9562283,-0.6175898,0.8044127,0.9607241,-0.587912,0.7898664,0.9631702,-0.565886,0.805518,1.009312,-0.5759482,0.7881387,0.9999477,-0.5574857,0.7865943,0.9820625,-0.5543549,0.825577,1.017409,-0.5650291,0.8057299,1.030715,-0.5383592,0.7920224,1.034624,-0.5214562,0.8477621,1.012002,-0.5600516,0.8336948,1.028527,-0.5339707,0.8231667,1.036477,-0.5166823,0.8678206,0.9992235,-0.5564825,0.8618294,1.011496,-0.5346364,0.8563641,1.018089,-0.5196455,0.8489814,0.9795031,-0.6041955,0.02237391,
1529669734756,0.8252426,0.9545879,-0.6122938,0.8020835,0.958773,-0.5821188,0.7880147,0.9610848,-0.559769,0.8028104,1.006704,-0.5700017,0.7865602,0.9964527,-0.5510515,0.7860291,0.9784465,-0.5476484,0.8231987,1.016447,-0.5602268,0.8038644,1.029882,-0.5332826,0.7905747,1.033577,-0.5160193,0.8459549,1.011843,-0.5561589,0.8324867,1.02859,-0.5299348,0.8222842,1.036276,-0.5123595,0.8668306,0.9998367,-0.5533757,0.8617575,1.012669,-0.5316326,0.8568078,1.019396,-0.5165372,0.8463024,0.9785625,-0.599746,0.02126689,
1529669734821,0.8234236,0.9552975,-0.6038311,0.799162,0.9608209,-0.5747358,0.7843356,0.9639457,-0.5529516,0.8026193,1.0074,-0.5607366,0.7854468,0.9980713,-0.542089,0.784045,0.980143,-0.5382939,0.8235182,1.016746,-0.5509574,0.8042035,1.031363,-0.5247023,0.7906082,1.035356,-0.5077648,0.8463665,1.01132,-0.5466634,0.8333247,1.028828,-0.5207914,0.8229609,1.036433,-0.5033048,0.8670105,0.9986062,-0.5438277,0.8625331,1.012029,-0.5223415,0.8575913,1.018836,-0.5072969,0.8458095,0.9778798,-0.5902414,0.02184681,
1529669734849,0.8235747,0.9558513,-0.6032145,0.7985494,0.961957,-0.5748865,0.7831388,0.965418,-0.5535466,0.8033856,1.008322,-0.5599255,0.7853451,0.9998388,-0.5415187,0.7829934,0.9820706,-0.5374888,0.8242751,1.016776,-0.5496891,0.8046988,1.031699,-0.5238227,0.7907792,1.035833,-0.5071851,0.8469412,1.010719,-0.5449251,0.8337416,1.028264,-0.5191851,0.8230962,1.03579,-0.5018343,0.8671776,0.9974844,-0.5417901,0.8624852,1.010829,-0.5203147,0.8572535,1.01753,-0.50532,0.8464605,0.9776211,-0.588765,0.02313397,
1529669734876,0.8154651,0.9541361,-0.5958186,0.7899908,0.9604371,-0.56793,0.7742011,0.9640493,-0.5468535,0.795429,1.007031,-0.5524895,0.7771031,0.9991938,-0.5339272,0.7742953,0.9816007,-0.5295681,0.8161788,1.015109,-0.5422223,0.7964402,1.030133,-0.5165504,0.782401,1.034343,-0.5000235,0.838829,1.008977,-0.5372705,0.8254566,1.026464,-0.5116068,0.8146468,1.033882,-0.4943013,0.8589792,0.9957383,-0.5340254,0.8540186,1.009044,-0.5126124,0.8485043,1.01561,-0.4976526,0.8384809,0.975785,-0.5810628,0.0246343,
1529669734901,0.8136044,0.9538666,-0.5932634,0.78808,0.9602842,-0.5654396,0.7723181,0.9639471,-0.5443442,0.7937963,1.006991,-0.5498801,0.7753725,0.9995123,-0.5311758,0.7723206,0.9820279,-0.5266532,0.8145086,1.014889,-0.5396695,0.7947755,1.029986,-0.5140562,0.7806972,1.034151,-0.4975533,0.837134,1.008681,-0.5346849,0.8237345,1.02616,-0.5090519,0.8128397,1.033462,-0.4917516,0.8572141,0.9954201,-0.5314358,0.8521872,1.008791,-0.510087,0.8465472,1.015312,-0.4951597,0.8367718,0.9754394,-0.5784276,0.02529593,
1529669734915,0.8135733,0.953613,-0.5924727,0.7880297,0.9600122,-0.5646621,0.772254,0.9636598,-0.5435742,0.7937472,1.006705,-0.5490552,0.7753079,0.9992157,-0.5303696,0.7722477,0.9817288,-0.5258638,0.8144535,1.014588,-0.5388234,0.7947052,1.029666,-0.5132113,0.7806156,1.033819,-0.496715,0.8370739,1.00837,-0.5338279,0.8236593,1.025829,-0.508189,0.812753,1.033116,-0.4908899,0.8571483,0.995102,-0.5305764,0.8521079,1.008455,-0.5092197,0.8464574,1.014964,-0.4942909,0.8366974,0.9751436,-0.5775928,0.02530114,
1529669734942,0.8128149,0.9529495,-0.5873135,0.7879485,0.9598489,-0.5590016,0.7727557,0.963766,-0.5375205,0.7947682,1.006115,-0.5433841,0.7765753,0.9988241,-0.5242274,0.7730626,0.9814115,-0.519494,0.8157439,1.013748,-0.5335557,0.7967727,1.029032,-0.507494,0.7830735,1.033292,-0.4906986,0.8383515,1.007094,-0.5289215,0.8257949,1.024616,-0.5028926,0.8154051,1.032013,-0.4853193,0.8582294,0.9934498,-0.5260299,0.8538778,1.006696,-0.5044512,0.8486996,1.013215,-0.489354,0.8365908,0.9740098,-0.5727977,0.02522722,
1529669734969,0.8133993,0.9520146,-0.588786,0.7890325,0.9590997,-0.5600832,0.7742856,0.9631006,-0.5383034,0.7963878,1.005151,-0.5445591,0.7784642,0.9978451,-0.5250826,0.7748123,0.980451,-0.5202016,0.8174577,1.012718,-0.5350755,0.7988732,1.027989,-0.5087324,0.7853954,1.032196,-0.4917517,0.8401043,1.005939,-0.5307499,0.8279956,1.023483,-0.5045159,0.8179067,1.030934,-0.486793,0.859928,0.9921619,-0.528126,0.8559371,1.005368,-0.5064443,0.8510351,1.011908,-0.4912662,0.8375794,0.9729217,-0.5746083,0.02507973,
1529669734995,0.8140048,0.9501,-0.5885674,0.7900469,0.9572043,-0.5595242,0.7756244,0.9612542,-0.5375211,0.7974058,1.003402,-0.5442991,0.779875,0.9962338,-0.5242751,0.7762847,0.9789453,-0.5189943,0.8184698,1.011132,-0.535306,0.8001488,1.026277,-0.508714,0.7869035,1.030333,-0.4915184,0.8412734,1.00464,-0.5313616,0.8294212,1.022189,-0.5050123,0.8195636,1.029627,-0.4871546,0.8612641,0.9910998,-0.5290202,0.8574517,1.004378,-0.507349,0.852711,1.010942,-0.4921311,0.838312,0.9712893,-0.5749118,0.02562523,
1529669735029,0.8138469,0.9484462,-0.5869312,0.7903209,0.9557647,-0.5575829,0.776225,0.9600357,-0.5353606,0.7982403,1.002556,-0.5428414,0.7813447,0.9959873,-0.5219255,0.7777677,0.978938,-0.5159434,0.8193218,1.010306,-0.5345559,0.8016105,1.025448,-0.5075645,0.7888352,1.029487,-0.4900043,0.8422895,1.004117,-0.5311104,0.8309857,1.021691,-0.5045433,0.8215699,1.029144,-0.4864475,0.8624286,0.9908653,-0.529125,0.8589464,1.004197,-0.5074394,0.8544906,1.010787,-0.492139,0.8384759,0.9701322,-0.5741289,0.02714228,
1529669735048,0.8138685,0.9479498,-0.5861514,0.7905046,0.9553871,-0.5567002,0.7765009,0.9597898,-0.5344058,0.7989025,1.002467,-0.5420515,0.7823966,0.996243,-0.5206649,0.7788154,0.9793234,-0.5142921,0.8200219,1.010187,-0.5341289,0.8027195,1.025257,-0.5068568,0.7902431,1.029269,-0.4890596,0.8430635,1.00414,-0.5309786,0.8320891,1.021592,-0.5042201,0.8229278,1.028971,-0.4859461,0.8632662,0.9910473,-0.5292315,0.8599439,1.0043,-0.5074969,0.8555605,1.01075,-0.4921084,0.8387867,0.9698802,-0.5737505,0.02813327,
1529669735076,0.813593,0.9460971,-0.5860025,0.7897614,0.9538552,-0.5570077,0.7754443,0.9585694,-0.5349082,0.7986468,1.001193,-0.5421917,0.7825825,0.9955068,-0.5201749,0.7790368,0.9788523,-0.5130821,0.8196955,1.009161,-0.5345498,0.8026665,1.023815,-0.5069958,0.7903907,1.027203,-0.4889171,0.8428138,1.003567,-0.5315209,0.8318493,1.020538,-0.5045519,0.822623,1.027197,-0.4860244,0.8631973,0.9909133,-0.5297835,0.8597378,1.0039,-0.5079719,0.8550321,1.00974,-0.4924403,0.8386713,0.9685949,-0.5738114,0.03001131,
1529669735102,0.8138291,0.9451569,-0.5866666,0.7897925,0.9533671,-0.557969,0.7754036,0.9583987,-0.5359577,0.7991158,1.000645,-0.5430593,0.7832965,0.9953096,-0.5208329,0.7797731,0.978718,-0.5136214,0.8201764,1.008619,-0.5354913,0.8034288,1.02325,-0.5078378,0.791238,1.026197,-0.4896417,0.8432153,1.003054,-0.532429,0.832306,1.019829,-0.5054028,0.82294,1.025913,-0.4867579,0.8635131,0.9904759,-0.5306069,0.8599452,1.0034,-0.5088186,0.8549504,1.008877,-0.4932563,0.8390324,0.9676921,-0.57447,0.03051026,
1529669735129,0.8143735,0.944908,-0.5852549,0.7901056,0.9538353,-0.5569696,0.7755076,0.9594599,-0.5352156,0.7993338,1.001163,-0.5428131,0.7840277,0.9958982,-0.5205311,0.7810459,0.9791493,-0.5133876,0.8202355,1.009672,-0.5355805,0.8034986,1.02473,-0.5082034,0.7913219,1.027661,-0.4900108,0.8432812,1.004472,-0.5324421,0.8322165,1.021691,-0.5058212,0.8226763,1.027749,-0.4872664,0.8636999,0.9921508,-0.5302881,0.8599877,1.005511,-0.5088207,0.8547298,1.01098,-0.4933597,0.8394415,0.9678851,-0.5734915,0.02991339,
1529669735156,0.8149026,0.945062,-0.5846345,0.7906402,0.9544172,-0.5564854,0.7760763,0.9603821,-0.5347896,0.7992754,1.00123,-0.5428627,0.7844568,0.9954101,-0.5206367,0.7821718,0.9783865,-0.5140077,0.8201452,1.01063,-0.5359061,0.8035738,1.02617,-0.5087019,0.7915018,1.029281,-0.4904881,0.8432946,1.005722,-0.5326822,0.8325071,1.023539,-0.5063242,0.8231688,1.030034,-0.4878203,0.8639126,0.9935423,-0.530274,0.8606466,1.007298,-0.508966,0.8556759,1.013022,-0.4935175,0.8396166,0.9683495,-0.5731974,0.02816382,
1529669735182,0.8151127,0.9455017,-0.5844335,0.7912133,0.9553412,-0.5561405,0.7770131,0.9616308,-0.5343092,0.7996339,1.001596,-0.5432214,0.7851409,0.9953056,-0.5210105,0.7832338,0.9781218,-0.5146849,0.8206433,1.011666,-0.5365905,0.8043737,1.02767,-0.5094954,0.7924318,1.030919,-0.4912376,0.8439121,1.006825,-0.5334528,0.8336508,1.025328,-0.5073452,0.8246032,1.032281,-0.4888757,0.8646035,0.9945642,-0.5309653,0.8619778,1.008795,-0.5098692,0.8574047,1.014886,-0.4944494,0.8397774,0.9688142,-0.5734493,0.02637737,
1529669735215,0.8158727,0.9470091,-0.5834768,0.7923918,0.9576989,-0.5551416,0.7788318,0.9645139,-0.5331285,0.7998669,1.002977,-0.5438409,0.785389,0.9958853,-0.5218381,0.7839344,0.9785618,-0.5157241,0.8211566,1.014432,-0.5375122,0.805025,1.031671,-0.5110561,0.7930991,1.035846,-0.4929848,0.8445284,1.009661,-0.534187,0.8347586,1.029647,-0.5089149,0.8260638,1.037948,-0.4908375,0.8653774,0.9973096,-0.5312542,0.8636018,1.012612,-0.5107771,0.8597506,1.019831,-0.4956373,0.8402289,0.9704012,-0.5730934,0.02294108,
1529669735235,0.816288,0.948069,-0.5847454,0.7932792,0.9598542,-0.556477,0.7808235,0.9671942,-0.5340722,0.7995894,1.003601,-0.5468124,0.7849485,0.9954664,-0.525297,0.7839171,0.9779352,-0.5197368,0.8212098,1.016433,-0.5403344,0.805279,1.035,-0.5145813,0.793342,1.040319,-0.4968303,0.8444948,1.011509,-0.5364475,0.8351854,1.032811,-0.5120082,0.8267597,1.042322,-0.4944199,0.8651031,0.998853,-0.5327126,0.8637533,1.014836,-0.5126955,0.8602321,1.022784,-0.4978473,0.840279,0.9712573,-0.5745385,0.01817809,
1529669735261,0.8168117,0.9491477,-0.5859779,0.7949859,0.9619256,-0.5572581,0.7843305,0.9696836,-0.5341502,0.7986982,1.004004,-0.5502403,0.7843819,0.9945691,-0.5290151,0.7840686,0.9768494,-0.5240381,0.8205667,1.018842,-0.5438441,0.8051475,1.03868,-0.5186985,0.7933952,1.044836,-0.5011303,0.8437974,1.01405,-0.5394483,0.8352195,1.036638,-0.5158408,0.8272081,1.047125,-0.4986645,0.8638788,1.001279,-0.5348233,0.8626105,1.017823,-0.5152127,0.8593305,1.026448,-0.5006878,0.8398356,0.9724426,-0.5763808,0.01239649,
1529669735288,0.8170019,0.9496478,-0.5871266,0.7966863,0.9629934,-0.5576491,0.7879684,0.9708353,-0.5338109,0.7981182,1.003914,-0.5530452,0.7842835,0.9933275,-0.5320562,0.784474,0.9754259,-0.5277544,0.8200552,1.019986,-0.5465078,0.8051481,1.040153,-0.5213193,0.7936,1.046381,-0.5036761,0.8431505,1.015222,-0.5417843,0.8350385,1.038038,-0.5182365,0.8272231,1.048606,-0.5010409,0.8627098,1.002383,-0.5366451,0.8614831,1.019064,-0.5171005,0.8584599,1.028077,-0.5027567,0.8391484,0.9730584,-0.5783069,0.008364471,
1529669735305,0.8170342,0.950013,-0.5878732,0.7975897,0.9635568,-0.5579585,0.790008,0.9712875,-0.5337489,0.7979308,1.003884,-0.5543768,0.7843241,0.9926879,-0.5336013,0.7847209,0.9746794,-0.5297559,0.8199235,1.020458,-0.5477092,0.8053032,1.040744,-0.5224469,0.7938653,1.04703,-0.5047626,0.842972,1.015606,-0.5428256,0.8351811,1.038443,-0.5191947,0.827497,1.048977,-0.5019305,0.8621961,1.002668,-0.5375187,0.8609872,1.019334,-0.5179442,0.8580569,1.028448,-0.5036449,0.8388067,0.9733555,-0.5793362,0.007443255,
1529669735694,0.8076451,0.9696836,-0.6068912,0.7913653,0.9857005,-0.5768803,0.7898965,0.9928489,-0.5519385,0.7848403,1.01977,-0.5809097,0.7739147,1.003372,-0.5643613,0.7784442,0.9856317,-0.5664228,0.8049725,1.038796,-0.5697913,0.7899454,1.056685,-0.5426115,0.7787139,1.062847,-0.5247921,0.8268204,1.036406,-0.5639284,0.817317,1.058429,-0.540156,0.8083854,1.068439,-0.5231694,0.8415697,1.022568,-0.555667,0.8342959,1.036999,-0.5355544,0.8262732,1.041664,-0.522405,0.8261548,0.9929026,-0.5992642,0.01982516,
1529669735797,0.8241357,0.9750082,-0.651582,0.806329,0.9933478,-0.6240246,0.8039002,1.002598,-0.5997828,0.7981637,1.024676,-0.6307791,0.7875873,1.008399,-0.613646,0.7930045,0.9907982,-0.6144847,0.8109885,1.032743,-0.6190774,0.7861803,1.032816,-0.5929637,0.7726776,1.026481,-0.5788702,0.8354177,1.042822,-0.6119996,0.8200643,1.06237,-0.5889809,0.8079033,1.069801,-0.5729944,0.8514677,1.031968,-0.6032386,0.8402393,1.046001,-0.5847218,0.8301783,1.049343,-0.5730184,0.8412179,0.9990603,-0.6445447,0.02177397,
1529669735849,0.8306054,0.9693781,-0.6729431,0.8127387,0.9892735,-0.6469435,0.8112257,0.9998128,-0.6231648,0.8004695,1.016083,-0.6565939,0.7920127,0.9989911,-0.6392001,0.7997968,0.9822941,-0.6396919,0.8123193,1.020831,-0.6460241,0.7949569,1.001753,-0.6263195,0.7956126,0.9806569,-0.6224271,0.8319681,1.034256,-0.6367666,0.8104541,1.047144,-0.6137782,0.7963598,1.04921,-0.5990883,0.8501691,1.028532,-0.6280913,0.8349923,1.039252,-0.6101871,0.8236729,1.043056,-0.5982769,0.84494,0.9943304,-0.6676608,0.02665833,
1529669735874,0.8340001,0.9668238,-0.6834528,0.8162681,0.9867499,-0.6574751,0.8150102,0.9972482,-0.633655,0.8031017,1.012706,-0.6674361,0.7950878,0.995299,-0.6502171,0.8032473,0.9788041,-0.6509985,0.8149661,1.017142,-0.6569009,0.8009791,0.9965699,-0.6397367,0.8064762,0.9761164,-0.6400329,0.83342,1.029554,-0.6472006,0.8105627,1.038824,-0.6237977,0.7964348,1.037938,-0.6095147,0.8520262,1.025642,-0.6386908,0.8357406,1.034252,-0.6207219,0.8236344,1.035687,-0.6089815,0.8477383,0.9917966,-0.6782479,0.02791685,
1529669735902,0.8363231,0.9610828,-0.6964788,0.8182095,0.9806401,-0.6705771,0.8168172,0.990829,-0.646632,0.8042006,1.005951,-0.6807514,0.7964282,0.9881439,-0.6639736,0.8050619,0.9719346,-0.6650867,0.8158448,1.010401,-0.669965,0.8037566,0.9892864,-0.6547455,0.8121514,0.9701731,-0.6577681,0.8331807,1.020864,-0.6596782,0.8088798,1.025451,-0.6363218,0.7952902,1.020729,-0.6232749,0.8519968,1.019383,-0.6510608,0.83439,1.024919,-0.6335391,0.8214548,1.022319,-0.6226935,0.8493348,0.9861231,-0.690877,0.02890961,
1529669735928,0.8355734,0.9556043,-0.7054116,0.8169907,0.9746925,-0.6795771,0.8153094,0.9844308,-0.655459,0.8027123,0.9995238,-0.6895014,0.7952435,0.9812603,-0.6734433,0.8046762,0.9655864,-0.6750231,0.8142021,1.003825,-0.6784154,0.8030406,0.9822871,-0.6645366,0.8129458,0.9642347,-0.6688505,0.8310524,1.013348,-0.667529,0.8061569,1.015292,-0.6444435,0.7926649,1.009093,-0.6319845,0.8497579,1.012959,-0.6586322,0.8316416,1.016274,-0.6416927,0.8187103,1.010612,-0.6320931,0.8481807,0.9805329,-0.6990786,0.02917069,
1529669735956,0.8338548,0.9452616,-0.7182088,0.8148271,0.9635856,-0.6921861,0.8131141,0.972779,-0.6679246,0.8001832,0.9882141,-0.7016318,0.7932836,0.9695952,-0.6861126,0.8035149,0.9545138,-0.688139,0.8114079,0.9930519,-0.6902991,0.8003688,0.971522,-0.6767147,0.8105886,0.9536961,-0.6812316,0.828197,1.002019,-0.6793396,0.8030908,1.002765,-0.6564149,0.7886379,0.9971969,-0.6432173,0.8471169,1.002237,-0.6702595,0.8291978,1.003696,-0.6538004,0.8171672,0.9946449,-0.6459798,0.8460852,0.9702901,-0.7113067,0.02888565,
1529669735983,0.8331593,0.9347038,-0.7278371,0.8133888,0.9517954,-0.7014839,0.8113578,0.9601346,-0.6770439,0.7995147,0.9776413,-0.709834,0.7922902,0.9587756,-0.6946871,0.802524,0.9437215,-0.6967122,0.8103862,0.9832978,-0.6980563,0.7974218,0.9623473,-0.6838187,0.8057855,0.9432855,-0.6871457,0.827853,0.9926732,-0.6870621,0.802977,0.9921999,-0.6644254,0.7882804,0.9841879,-0.651293,0.8471644,0.9913385,-0.6778285,0.8296324,0.9945178,-0.6606376,0.8173536,0.9868338,-0.6522825,0.8456801,0.9598224,-0.7200055,0.02709741,
1529669736015,0.8309102,0.9165365,-0.7421266,0.8107219,0.9323327,-0.7152303,0.8084054,0.9397509,-0.6905491,0.7973699,0.9594308,-0.7223887,0.7896926,0.9402776,-0.7076641,0.7996162,0.9250693,-0.7098977,0.8080471,0.9658034,-0.7101222,0.7928972,0.9456051,-0.6950583,0.7988144,0.925567,-0.6973417,0.8267735,0.9758192,-0.6988417,0.8030285,0.9761894,-0.6759251,0.7889346,0.9663196,-0.6633803,0.8460029,0.9723584,-0.6897945,0.8293121,0.9767494,-0.6717938,0.8169061,0.9702291,-0.6628265,0.8436463,0.9416348,-0.7334939,0.02582956,
1529669736036,0.8294238,0.9009191,-0.7544501,0.8073854,0.9156322,-0.7283244,0.8037416,0.9225773,-0.7037677,0.7948281,0.9443418,-0.7343167,0.7857417,0.9255898,-0.719439,0.7951216,0.9099772,-0.7206432,0.8050507,0.952168,-0.7214416,0.784996,0.9347767,-0.7038258,0.7848011,0.9137573,-0.7012217,0.824895,0.9634957,-0.7105162,0.8009467,0.9695666,-0.6884835,0.7859117,0.962297,-0.6757172,0.8438575,0.9574929,-0.7004108,0.8279707,0.9656304,-0.6820651,0.8153099,0.9643956,-0.6709285,0.8422546,0.9262701,-0.7444746,0.02275625,
1529669736062,0.8295599,0.878051,-0.7690887,0.8064207,0.8912079,-0.7429267,0.8016267,0.8970929,-0.718317,0.7942697,0.922078,-0.7470113,0.7833099,0.9037857,-0.7322706,0.7913445,0.8873968,-0.7327895,0.8046857,0.9311567,-0.7333324,0.7815457,0.9176588,-0.7146637,0.7766266,0.8975415,-0.7097955,0.8258736,0.9410253,-0.7224201,0.8028773,0.9502062,-0.700487,0.7870524,0.9458402,-0.6870443,0.8445001,0.9334928,-0.7121338,0.8297617,0.9431497,-0.6935586,0.8175665,0.9439907,-0.6818317,0.8425023,0.903142,-0.7576031,0.02022846,
1529669736089,0.8272222,0.8516406,-0.7855643,0.8028083,0.863289,-0.7596568,0.796574,0.8681177,-0.7351454,0.7908928,0.895971,-0.7616415,0.778019,0.8782727,-0.7472289,0.7846735,0.8612399,-0.7470582,0.8017284,0.9060545,-0.7470955,0.7762691,0.8966013,-0.7277842,0.7672276,0.8783761,-0.721009,0.8238617,0.914084,-0.7358133,0.8018757,0.9256402,-0.713773,0.7857094,0.9243851,-0.6996772,0.8421692,0.9054534,-0.7254717,0.8285393,0.9162611,-0.7066384,0.8170532,0.9192027,-0.6942937,0.8401448,0.8763413,-0.7724105,0.01818899,
1529669736116,0.8271385,0.832845,-0.7948657,0.8014885,0.843001,-0.7694053,0.7938573,0.8465335,-0.7450696,0.7900482,0.8768684,-0.7689513,0.7755597,0.8594025,-0.7554789,0.7810457,0.8419403,-0.7552968,0.8010116,0.8861421,-0.7535151,0.7747468,0.8772123,-0.7352368,0.7649262,0.8591046,-0.7294273,0.8234729,0.8930147,-0.7412888,0.8018045,0.9049709,-0.7190791,0.7854672,0.9049087,-0.7049531,0.8415326,0.8836302,-0.7310418,0.8283259,0.8944791,-0.7119831,0.8169206,0.897606,-0.6995578,0.8399144,0.8566552,-0.779678,0.01702441,
1529669736143,0.8269353,0.8043183,-0.8086804,0.799315,0.812564,-0.7845589,0.7895972,0.8142803,-0.7607601,0.788183,0.8464482,-0.78098,0.7723861,0.8284601,-0.7696936,0.7773046,0.8108133,-0.7702715,0.7983561,0.8531845,-0.764328,0.7723109,0.8409165,-0.7496094,0.7649469,0.8210036,-0.7479136,0.8206871,0.8600805,-0.7499574,0.7986348,0.8715062,-0.7276642,0.7819362,0.8720803,-0.7138832,0.8379529,0.8499203,-0.7397989,0.8240486,0.8599402,-0.7208393,0.8120015,0.8624457,-0.7088652,0.8389106,0.8265924,-0.7904256,0.01592459,
1529669736169,0.8285087,0.7838793,-0.8149663,0.7998062,0.7910269,-0.7917779,0.7891152,0.7920114,-0.7683562,0.7870135,0.8239195,-0.7881043,0.7714188,0.8053002,-0.7778834,0.7770067,0.787856,-0.7787631,0.7963235,0.8289034,-0.7712022,0.7722677,0.8127308,-0.759505,0.7693651,0.7917676,-0.7609464,0.8176571,0.8372879,-0.7551745,0.7944635,0.8471161,-0.7330941,0.7774606,0.8472269,-0.7196507,0.8345445,0.827875,-0.7449432,0.8189158,0.8364189,-0.7267291,0.8057861,0.8373408,-0.7157089,0.8387514,0.8058411,-0.7958263,0.01649809,
1529669736197,0.8298203,0.7658821,-0.8195068,0.8004472,0.7720394,-0.7968464,0.7889847,0.771999,-0.7737691,0.7868418,0.8042654,-0.7924152,0.7712411,0.7852337,-0.7835699,0.7771904,0.7679872,-0.7853746,0.7956841,0.8068816,-0.7755036,0.7734933,0.7880269,-0.766854,0.7740259,0.7673405,-0.7710941,0.8154283,0.814939,-0.7580299,0.790603,0.8217639,-0.7364828,0.7730284,0.819732,-0.7241309,0.8321922,0.8060195,-0.7477656,0.8149542,0.8122554,-0.7302891,0.8008726,0.810937,-0.7206019,0.8389426,0.7868377,-0.7992733,0.01702611,
1529669736230,0.8291056,0.741642,-0.8292892,0.7997175,0.7461395,-0.8063039,0.7876359,0.7429268,-0.7837225,0.7881287,0.7773522,-0.7957296,0.7711563,0.7584312,-0.7904719,0.7759643,0.7415552,-0.7957875,0.7969289,0.7744142,-0.7794687,0.7752582,0.7542788,-0.7762423,0.7772315,0.7354817,-0.7856224,0.8151367,0.777044,-0.7606525,0.7885678,0.7769827,-0.7404179,0.770196,0.7704628,-0.7310147,0.8318295,0.7665225,-0.751276,0.813976,0.7687405,-0.7335947,0.799333,0.764902,-0.7255808,0.838972,0.7576437,-0.8054951,0.0168426,
1529669736249,0.8276324,0.7286201,-0.8319349,0.798648,0.731891,-0.8082588,0.7863637,0.7265568,-0.7861485,0.7891043,0.7611942,-0.7924992,0.7711244,0.7427562,-0.7891942,0.7746359,0.7265823,-0.7970234,0.7979959,0.7550474,-0.7774797,0.7756974,0.735361,-0.7769125,0.7769878,0.7182718,-0.7890813,0.8160328,0.7536398,-0.7590491,0.7896212,0.7518045,-0.7381721,0.7713482,0.7455035,-0.7288507,0.8326973,0.7416444,-0.7510726,0.8154096,0.7417314,-0.7326002,0.8009256,0.7374861,-0.7245216,0.8386878,0.7403464,-0.8061315,0.01599391,
1529669736275,0.8268517,0.7135127,-0.8349242,0.7981751,0.7157592,-0.8107833,0.785507,0.7084342,-0.7894676,0.7913211,0.741731,-0.7898105,0.7722723,0.7240717,-0.788661,0.7744777,0.7091149,-0.7989562,0.7999717,0.7328993,-0.7762716,0.7763063,0.7145854,-0.7779708,0.775958,0.6993468,-0.7924287,0.818064,0.72744,-0.7587129,0.7925826,0.7249275,-0.736405,0.7748679,0.7201729,-0.7253956,0.8341932,0.7135415,-0.7528139,0.8175701,0.7117106,-0.733685,0.8033105,0.707293,-0.7253415,0.8391745,0.7202085,-0.8076332,0.01456502,
1529669736302,0.8241403,0.6941748,-0.8349888,0.7954705,0.6952313,-0.8107584,0.7818656,0.6857897,-0.7908964,0.7921934,0.7148973,-0.7836577,0.7719684,0.6985397,-0.7853365,0.7727928,0.6857916,-0.7984643,0.8002613,0.7037367,-0.771808,0.7741439,0.6880896,-0.7750189,0.7702588,0.6751666,-0.7913396,0.8184061,0.6937308,-0.7563597,0.7941581,0.6902493,-0.7327721,0.7773638,0.6864572,-0.7199308,0.8333992,0.6774946,-0.7538793,0.8170468,0.6733437,-0.7349137,0.8025075,0.6683835,-0.727502,0.8377391,0.6940419,-0.806761,0.01181475,
1529669736328,0.8251866,0.6779592,-0.8328146,0.7955331,0.6784636,-0.8097986,0.7808921,0.6684243,-0.7909541,0.7933664,0.6951752,-0.7802063,0.7730466,0.6790215,-0.7834232,0.7738932,0.6671618,-0.7973692,0.8010777,0.6836793,-0.7685692,0.7741742,0.6688091,-0.7723998,0.769003,0.6565713,-0.7890148,0.8186936,0.6724496,-0.7540537,0.7937155,0.668185,-0.7313743,0.7768577,0.664556,-0.7182429,0.8335985,0.6557503,-0.7522925,0.8166314,0.6506547,-0.7342682,0.8015879,0.6453242,-0.7283798,0.8388988,0.6753772,-0.8038156,0.009577706,
1529669736356,0.8263857,0.6543217,-0.8347964,0.795617,0.6540423,-0.8133261,0.7801884,0.6435913,-0.7952754,0.7930517,0.6703264,-0.7826891,0.7729711,0.6538041,-0.7868435,0.7742037,0.6420962,-0.800887,0.8004793,0.6591005,-0.7706678,0.7732265,0.6440817,-0.7748975,0.7675385,0.6317116,-0.7912753,0.8174084,0.6476949,-0.7564067,0.7904495,0.6420082,-0.7365674,0.7719883,0.6369108,-0.7263035,0.8327395,0.631044,-0.7540399,0.8150553,0.6252607,-0.7370145,0.7997707,0.6195028,-0.7323785,0.8395625,0.651581,-0.8049554,0.008339155,
1529669736382,0.8262351,0.6438496,-0.8368274,0.7953295,0.6425678,-0.8157032,0.7798966,0.6310452,-0.7983416,0.7935268,0.6572526,-0.7837041,0.7734867,0.6410611,-0.788978,0.7747991,0.6303685,-0.8037969,0.800755,0.6454173,-0.7722974,0.7732753,0.6308625,-0.7773674,0.7671971,0.6194618,-0.7943483,0.8171803,0.6329494,-0.7591133,0.789416,0.6258727,-0.7410196,0.7702996,0.6197337,-0.7327428,0.8325262,0.6159831,-0.7573195,0.8147361,0.6091992,-0.7406981,0.7994597,0.60329,-0.7362346,0.8395365,0.6394092,-0.8069775,0.007496785,
1529669736416,0.8259387,0.6304742,-0.8390694,0.7953199,0.6276929,-0.8177453,0.7800648,0.6145622,-0.8014876,0.7954136,0.6395457,-0.7839621,0.7752293,0.6247874,-0.7909305,0.7767978,0.6159799,-0.806917,0.802387,0.626159,-0.774653,0.7754903,0.6131406,-0.7822784,0.7710196,0.6042784,-0.8011323,0.8180219,0.6115628,-0.763514,0.7892718,0.6027862,-0.748089,0.769508,0.5959261,-0.7421191,0.8331985,0.5944652,-0.7629365,0.8154904,0.5868084,-0.7464487,0.8001988,0.5811541,-0.7419665,0.8400478,0.6225923,-0.8099389,0.006493176,
1529669736435,0.825637,0.6207092,-0.8390605,0.7949865,0.6171504,-0.8179977,0.7798306,0.6030838,-0.8025526,0.7953123,0.6279886,-0.7839236,0.7753657,0.6140839,-0.7921537,0.7776794,0.6063302,-0.8085886,0.8018895,0.6139908,-0.7755809,0.7759074,0.6020395,-0.7851827,0.7735298,0.5946785,-0.8049938,0.8168491,0.598491,-0.7650348,0.7872689,0.5893273,-0.7518175,0.7669832,0.5823193,-0.7482674,0.831845,0.5812588,-0.7646891,0.813785,0.5734055,-0.7487003,0.7983081,0.5679652,-0.7443299,0.839556,0.6113867,-0.8102795,0.00718327,
1529669736462,0.8268844,0.6095026,-0.8412236,0.7962235,0.6047072,-0.8205755,0.7814361,0.589426,-0.8061052,0.7959808,0.6145059,-0.786714,0.7767421,0.6012027,-0.7964314,0.7803255,0.5945404,-0.8130999,0.8023384,0.6000862,-0.7792664,0.7776691,0.5888979,-0.7909564,0.7777541,0.5829774,-0.8113112,0.8164951,0.5838399,-0.7697597,0.7859424,0.5737578,-0.7614387,0.7653762,0.5664108,-0.7619739,0.8318363,0.5668706,-0.7688228,0.8133067,0.558607,-0.7536833,0.7976258,0.5531564,-0.7497593,0.8404003,0.5988187,-0.8128168,0.00873584,
1529669736489,0.8263693,0.5955211,-0.8434126,0.7956398,0.589635,-0.8232942,0.7812733,0.5734267,-0.8095458,0.7941251,0.5996137,-0.7902431,0.7757955,0.5864755,-0.8011849,0.7807547,0.5803822,-0.8177038,0.8003441,0.5851137,-0.7830101,0.7768247,0.5741464,-0.7962366,0.7788441,0.5688818,-0.8166127,0.8139942,0.5687057,-0.7737308,0.7839017,0.5583394,-0.7712981,0.7649417,0.5509774,-0.7793993,0.8297545,0.5518898,-0.771823,0.8108143,0.543394,-0.7575536,0.7948945,0.5379087,-0.7546464,0.8392734,0.5846084,-0.815037,0.01073324,
1529669736516,0.8267592,0.586723,-0.8451749,0.7960903,0.5803751,-0.8252535,0.7820981,0.5636317,-0.8118832,0.7933749,0.5909859,-0.7932886,0.7757123,0.5780174,-0.8049708,0.7817373,0.5720941,-0.8211752,0.7994047,0.5764099,-0.7860359,0.7766832,0.56563,-0.8002372,0.7800548,0.5606136,-0.8204354,0.8125182,0.559826,-0.7769937,0.7840608,0.5498563,-0.7792006,0.7685322,0.5432476,-0.7929901,0.8284825,0.5430282,-0.773922,0.8092365,0.5345526,-0.7601933,0.7931807,0.5291448,-0.7579412,0.8387716,0.5758049,-0.8169757,0.01257311,
1529669736543,0.8261867,0.5747526,-0.8486716,0.795928,0.5675967,-0.8284711,0.7825217,0.5502907,-0.815273,0.7921832,0.5792642,-0.7976461,0.7750389,0.5663904,-0.8096803,0.781871,0.5606124,-0.8255962,0.7982276,0.5645791,-0.7904764,0.7761512,0.5538518,-0.8052436,0.7805526,0.5491177,-0.8252546,0.8110303,0.5477848,-0.7821772,0.784575,0.5381091,-0.7878854,0.7728465,0.5324671,-0.8054116,0.8271986,0.531247,-0.7779446,0.8077984,0.5227242,-0.7645181,0.7916983,0.5173537,-0.762802,0.8377986,0.5641403,-0.820804,0.01461265,
1529669736569,0.8257549,0.5681543,-0.8507417,0.7959262,0.5599004,-0.830332,0.7829608,0.541966,-0.8175254,0.7914784,0.5721966,-0.800133,0.7746952,0.5596818,-0.8125312,0.7821403,0.5543048,-0.8282921,0.7975724,0.557247,-0.7934464,0.7761378,0.5469087,-0.8088294,0.7815468,0.5428475,-0.8286909,0.8101115,0.5400693,-0.7865066,0.7855382,0.5309364,-0.7950789,0.7817168,0.5282421,-0.8156626,0.8262465,0.5236635,-0.7814331,0.8065445,0.5148863,-0.768674,0.7903881,0.5096075,-0.7677549,0.8371244,0.5574248,-0.8233991,0.01639642,
1529669736595,0.8252758,0.5617597,-0.8527569,0.7961558,0.5520895,-0.8319014,0.7837655,0.5336018,-0.8191212,0.7910615,0.5652052,-0.8021937,0.7746246,0.5526121,-0.81461,0.7824367,0.5475456,-0.8302848,0.7975612,0.5502012,-0.7960631,0.7768619,0.5397347,-0.8118181,0.7832021,0.5362054,-0.8314514,0.8102467,0.533079,-0.7905715,0.7875355,0.5241374,-0.8013767,0.7878609,0.5231088,-0.8219671,0.8263919,0.5169605,-0.7847549,0.806341,0.5076957,-0.7729826,0.7902689,0.5023901,-0.7733452,0.836828,0.551403,-0.8258889,0.01791143,
1529669736630,0.8250144,0.5518,-0.8552651,0.7968366,0.5409802,-0.8335868,0.7852069,0.5223521,-0.8200228,0.7905391,0.5557236,-0.8050171,0.7746835,0.5421497,-0.8169796,0.7828019,0.5370025,-0.8324641,0.7977947,0.5410663,-0.7989548,0.7780768,0.5293481,-0.8147823,0.7852328,0.5258037,-0.8341124,0.8110303,0.5246903,-0.7943935,0.7902299,0.5149887,-0.8070362,0.7933156,0.5143619,-0.8273337,0.8270014,0.5094725,-0.787483,0.8062172,0.4999129,-0.7778687,0.7907469,0.4947615,-0.781424,0.8367985,0.5431415,-0.828503,0.01937018,
1529669736663,0.8268044,0.543792,-0.8578982,0.798781,0.5329033,-0.8359423,0.7870351,0.5146558,-0.8217157,0.7910635,0.5488772,-0.808689,0.7756637,0.5346212,-0.8204231,0.7841299,0.5291297,-0.8356057,0.7986094,0.5344357,-0.8023813,0.7797182,0.5218109,-0.8184723,0.7875878,0.5180062,-0.8374718,0.8120196,0.5185815,-0.7978042,0.792382,0.5082343,-0.8116148,0.7969724,0.5073625,-0.8316035,0.8273688,0.503934,-0.7901683,0.8058159,0.4944562,-0.7829328,0.7912543,0.4895637,-0.7891076,0.8380309,0.5364516,-0.8309732,0.02026991,
1529669736690,0.8285477,0.5372972,-0.8611509,0.8003494,0.5265439,-0.8391801,0.7881203,0.5088547,-0.8244547,0.791803,0.5434013,-0.812802,0.7766732,0.5286223,-0.8243957,0.7853122,0.5227257,-0.8393418,0.7995528,0.529056,-0.8062969,0.7813013,0.5157531,-0.8226582,0.7896452,0.5117624,-0.8414271,0.8130065,0.5136597,-0.8014615,0.7939188,0.5026964,-0.8159459,0.7990823,0.5012977,-0.8357677,0.827616,0.4993984,-0.7939218,0.8054913,0.490083,-0.7894819,0.7922411,0.4855659,-0.7981473,0.839286,0.5310135,-0.8340248,0.02054059,
1529669736717,0.8290815,0.5340227,-0.8626742,0.80066,0.5234368,-0.8408182,0.7880962,0.5060832,-0.8259047,0.7918551,0.5404756,-0.8147757,0.7768936,0.5254259,-0.8263612,0.785637,0.5193558,-0.8411825,0.7997119,0.5261627,-0.8081671,0.7818366,0.5125315,-0.8247208,0.7904391,0.5085366,-0.8433784,0.8131554,0.5110319,-0.8030888,0.794225,0.4997135,-0.8178265,0.7994819,0.4979892,-0.8375996,0.8273675,0.4969525,-0.7959175,0.8051261,0.4877421,-0.7933979,0.7930053,0.4835569,-0.8036447,0.8395914,0.5281752,-0.8353963,0.02038677,
