time,thumb1x,thumb1y,thumb1z,thumb2x,thumb2y,thumb2z,thumb3x,thumb3y,thumb3z,index1x,index1y,index1z,index2x,index2y,index2z,index3x,index3y,index3z,middle1x,middle1y,middle1z,middle2x,middle2y,middle2z,middle3x,middle3y,middle3z,ring1x,ring1y,ring1z,ring2x,ring2y,ring2z,ring3x,ring3y,ring3z,pinky1x,pinky1y,pinky1z,pinky2x,pinky2y,pinky2z,pinky3x,pinky3y,pinky3z,palmx,palmy,palmz,pinch,
1529578095646,0.8165095,0.5255815,-0.9201729,0.7793915,0.5278511,-0.9124261,0.7578734,0.527355,-0.9001048,0.7736882,0.5819131,-0.8825508,0.7500848,0.5918932,-0.8717029,0.735256,0.586667,-0.8644848,0.7857426,0.5843025,-0.8631274,0.7600627,0.5952612,-0.8490205,0.7427427,0.5885461,-0.8419707,0.8029916,0.5784155,-0.8481581,0.7794187,0.5875034,-0.8329781,0.7623985,0.5807761,-0.8258983,0.8208771,0.565694,-0.8347204,0.8053194,0.5709409,-0.8190325,0.792286,0.5651094,-0.8129704,0.8264943,0.5475481,-0.8876151,0.07278904,
1529578095687,0.8137697,0.5226461,-0.9261333,0.7765048,0.529093,-0.9256867,0.7541348,0.5331116,-0.9163225,0.7696863,0.5842207,-0.9026561,0.7451316,0.5890065,-0.8940156,0.7346373,0.5781817,-0.8867238,0.7796705,0.5898407,-0.8838708,0.7520305,0.594469,-0.8736308,0.7394841,0.5811347,-0.8678988,0.7965571,0.58837,-0.8667055,0.7713395,0.5934742,-0.8550426,0.7579942,0.5810858,-0.849823,0.8141595,0.5816079,-0.8511114,0.7968067,0.589004,-0.8395755,0.7840982,0.5819544,-0.8353649,0.8229551,0.5515256,-0.8973272,0.05733718,
1529578095724,0.8136388,0.5210131,-0.9363797,0.7767245,0.5279812,-0.9410657,0.7537177,0.5332857,-0.9346384,0.7670338,0.5803645,-0.9158487,0.7430133,0.5798061,-0.9061847,0.7362164,0.5665065,-0.8984304,0.7760837,0.5872332,-0.8982345,0.7481391,0.5862691,-0.8882771,0.7386174,0.5706307,-0.8822411,0.7929301,0.5884423,-0.8804495,0.7671981,0.5894876,-0.8689193,0.7563241,0.5750243,-0.8637993,0.8104379,0.584879,-0.8647379,0.7920341,0.5901802,-0.8544178,0.7806571,0.5809278,-0.8510652,0.8214953,0.5520893,-0.9079363,0.05216255,
1529578095752,0.8156667,0.5187575,-0.939683,0.7790781,0.5263479,-0.9462309,0.7554874,0.5319667,-0.9419534,0.7683947,0.5769238,-0.9196035,0.7437526,0.5756118,-0.9102784,0.7357716,0.5625826,-0.9026625,0.7768532,0.5837753,-0.9019135,0.7478945,0.5827333,-0.8926524,0.7364397,0.568025,-0.8866936,0.7931006,0.5847733,-0.88345,0.7664912,0.5856861,-0.8722781,0.7541224,0.5721414,-0.8671001,0.8099118,0.581013,-0.867233,0.7908858,0.5855609,-0.8571446,0.7789076,0.5766674,-0.8538981,0.8225834,0.5492974,-0.9107066,0.05357075,
1529578095793,0.8187771,0.5184784,-0.9464247,0.7819581,0.5262104,-0.9524325,0.7577733,0.5315541,-0.9500117,0.7712905,0.5750976,-0.9252801,0.7458684,0.5735481,-0.9161699,0.7364137,0.5611495,-0.9090086,0.7796593,0.5817571,-0.9072745,0.7496644,0.5818889,-0.8981349,0.7358581,0.5690901,-0.8924421,0.7956948,0.5818432,-0.8885176,0.7683754,0.5834883,-0.8770216,0.7544073,0.571598,-0.8717562,0.8121679,0.5769802,-0.8721601,0.792803,0.5809445,-0.8614284,0.7802002,0.5728918,-0.85795,0.8255634,0.5478001,-0.9171494,0.05489421,
1529578095819,0.8194406,0.5185931,-0.9480165,0.7823908,0.5261354,-0.9532958,0.7580229,0.531365,-0.9516356,0.7722335,0.5756023,-0.9290769,0.7462314,0.5745914,-0.9204855,0.7354721,0.5631521,-0.9132256,0.7805047,0.5826012,-0.9111735,0.7499893,0.5836902,-0.9026871,0.7350185,0.5721354,-0.8969157,0.7963687,0.5827365,-0.8921494,0.7686584,0.5851258,-0.8810397,0.7538396,0.5742472,-0.8754984,0.812606,0.5776265,-0.8753811,0.7929813,0.5816116,-0.8646892,0.7800484,0.5741115,-0.8609272,0.8263858,0.5482857,-0.9199674,0.05472005,
1529578095860,0.8244615,0.5209689,-0.9502823,0.7870384,0.5274284,-0.9548606,0.762382,0.5318983,-0.9543214,0.7765154,0.5779504,-0.9340287,0.7496446,0.5780069,-0.92629,0.7368627,0.5684246,-0.9192334,0.7844038,0.5853057,-0.916252,0.7532586,0.5874211,-0.9088422,0.737062,0.5773978,-0.9032833,0.7999017,0.585633,-0.8968322,0.771618,0.5887821,-0.8864263,0.7556778,0.5793742,-0.8806845,0.8157589,0.58034,-0.8795546,0.795645,0.5839685,-0.8691726,0.7823972,0.5769493,-0.8652116,0.8308864,0.5512792,-0.9236394,0.05671485,
1529578095901,0.827164,0.5226415,-0.9502523,0.7895761,0.5283616,-0.9545807,0.7648168,0.5323246,-0.9542454,0.7788791,0.5797946,-0.93466,0.7518412,0.5802559,-0.9271531,0.7388881,0.5709546,-0.920225,0.7866222,0.587236,-0.9169265,0.755471,0.5894281,-0.9098389,0.7395344,0.5791211,-0.9044346,0.8019382,0.5875373,-0.8974675,0.7735401,0.5906752,-0.8874553,0.7577182,0.5810831,-0.8819209,0.817585,0.5820016,-0.8800508,0.7972236,0.5852929,-0.8699461,0.7841209,0.5780151,-0.8662219,0.8333225,0.5532566,-0.9239476,0.05763641,
1529578095936,0.8288019,0.5260657,-0.9496682,0.7911807,0.5322152,-0.9529217,0.7665014,0.5364175,-0.9516367,0.7818088,0.5841501,-0.9318779,0.7551589,0.5853408,-0.9235575,0.7426516,0.5758414,-0.916409,0.7900615,0.5910383,-0.9141948,0.7594686,0.5933546,-0.9061542,0.7442541,0.5822784,-0.9005415,0.8057636,0.5906745,-0.8952665,0.7778898,0.5935597,-0.8846923,0.7628238,0.5829577,-0.8792624,0.8216725,0.584439,-0.8783005,0.8016216,0.5874853,-0.8678457,0.7890147,0.5794827,-0.8644454,0.8359379,0.5562307,-0.923187,0.0580004,
1529578095965,0.8284545,0.5275275,-0.9514781,0.790967,0.534696,-0.9540855,0.7664887,0.5393623,-0.951831,0.7836052,0.5863615,-0.9295477,0.7573781,0.587758,-0.9208918,0.7455242,0.57741,-0.9141847,0.7923783,0.5917858,-0.9113415,0.7623799,0.5939652,-0.9025251,0.7479337,0.5818823,-0.8974627,0.8083514,0.5897282,-0.8926857,0.7811313,0.591911,-0.8814448,0.7669055,0.5800595,-0.8768644,0.8244881,0.5819889,-0.8761697,0.8050821,0.5843614,-0.8649712,0.7928804,0.5755886,-0.8623678,0.8369892,0.5560477,-0.9230341,0.05748375,
1529578095992,0.8304846,0.5249424,-0.9515173,0.7928622,0.5317253,-0.9530549,0.7685106,0.5361866,-0.9497532,0.7864274,0.5840338,-0.928257,0.7607355,0.5849166,-0.9186486,0.7497584,0.5739837,-0.9114211,0.7959694,0.589637,-0.9103677,0.7665582,0.5911705,-0.9003513,0.7529901,0.5783727,-0.8947104,0.8127689,0.5878371,-0.8922907,0.7862574,0.5894176,-0.8799454,0.7728303,0.5768461,-0.8749337,0.8297706,0.5804121,-0.8762625,0.8111,0.5825377,-0.8641534,0.7993484,0.5732909,-0.8612626,0.840178,0.554001,-0.9235575,0.05700536,
1529578096018,0.8318975,0.524287,-0.9512386,0.7942075,0.5307485,-0.9524606,0.7698883,0.535008,-0.948823,0.7876911,0.5829352,-0.9273806,0.7623183,0.5829804,-0.9174334,0.7520342,0.5714134,-0.9101154,0.7974069,0.5885915,-0.9096137,0.7682921,0.5891742,-0.8992617,0.7554482,0.5756507,-0.8935868,0.8144746,0.5869817,-0.8917329,0.7882646,0.5877094,-0.8791406,0.7754477,0.5744539,-0.8742064,0.8317978,0.5798475,-0.8759252,0.8133432,0.5815297,-0.8636955,0.8019596,0.5717936,-0.8609828,0.8417606,0.5534822,-0.9233252,0.05605709,
1529578096045,0.8352793,0.523292,-0.9499905,0.7974948,0.5291904,-0.9511163,0.7731429,0.5330783,-0.9473432,0.7903984,0.5812479,-0.9258046,0.7652122,0.5805089,-0.9157987,0.7554014,0.5684547,-0.9084988,0.800092,0.5869335,-0.9080641,0.7711197,0.5866114,-0.8976783,0.7587544,0.5725542,-0.892065,0.8172643,0.585514,-0.8902174,0.7911839,0.585397,-0.8776037,0.7787745,0.5716351,-0.8727806,0.8347765,0.5786638,-0.8744963,0.8163816,0.5797979,-0.8622957,0.8052964,0.5696448,-0.859776,0.8449279,0.5526387,-0.9220021,0.05545395,
1529578096072,0.8378093,0.5243071,-0.947337,0.8000465,0.5301379,-0.9489419,0.7757472,0.534054,-0.9450863,0.7925198,0.5822353,-0.9237864,0.7675204,0.5811853,-0.9137696,0.7581911,0.5688264,-0.906355,0.8020819,0.5881696,-0.9062458,0.7732174,0.5873919,-0.896071,0.7613999,0.572919,-0.8904136,0.8191797,0.5870504,-0.8883518,0.7931682,0.5863709,-0.876047,0.7813789,0.5720633,-0.8713592,0.836643,0.5806491,-0.8725722,0.8181156,0.5815001,-0.8608179,0.8074406,0.570881,-0.8586,0.847173,0.553991,-0.919443,0.05493129,
1529578096099,0.841558,0.5243116,-0.9431622,0.8038347,0.5302414,-0.9446149,0.7797704,0.5344472,-0.9400334,0.7966495,0.5828724,-0.9200059,0.7721649,0.5820035,-0.9090991,0.7635792,0.5696105,-0.9010225,0.8066208,0.5895113,-0.9030577,0.7782129,0.5888816,-0.8920232,0.767029,0.5743153,-0.8855836,0.8241525,0.5891281,-0.8856834,0.7986012,0.5886239,-0.8727588,0.7874511,0.5741353,-0.867427,0.8420119,0.5835082,-0.8702403,0.8237878,0.5846964,-0.8582805,0.8134842,0.5738668,-0.8556325,0.8514475,0.5549563,-0.9162009,0.05495873,
1529578096136,0.8530629,0.5257529,-0.9293246,0.8155169,0.5324954,-0.9288042,0.7921093,0.5376306,-0.9223058,0.8103656,0.5854672,-0.9057797,0.7876015,0.5842772,-0.8923941,0.7810986,0.5713828,-0.8833683,0.8212738,0.5925938,-0.8900735,0.7944572,0.590984,-0.8765676,0.7852651,0.5756099,-0.8689839,0.8398451,0.5933197,-0.8742706,0.8156846,0.5923067,-0.8596577,0.8060039,0.5771503,-0.8533833,0.8584578,0.5888166,-0.8601394,0.8409643,0.5901088,-0.8475688,0.8314514,0.5787877,-0.8442983,0.864849,0.5575922,-0.9045466,0.05269323,
1529578096165,0.8595196,0.5270648,-0.9191173,0.8227336,0.535943,-0.9151167,0.8005883,0.5426811,-0.906044,0.8207033,0.5877302,-0.8946799,0.8004056,0.585622,-0.8788313,0.7964869,0.5717654,-0.8699124,0.8325595,0.594497,-0.8801506,0.8080882,0.5911434,-0.864215,0.8015873,0.5744976,-0.856634,0.8520491,0.5959098,-0.8662504,0.8295891,0.5942754,-0.850081,0.8214778,0.5783275,-0.8436629,0.871136,0.5916501,-0.8536458,0.8544128,0.5929379,-0.8403867,0.8454963,0.5812896,-0.8368079,0.8739077,0.5590615,-0.8970525,0.04656408,
1529578096192,0.8744005,0.5342821,-0.908374,0.8389304,0.5460118,-0.9012988,0.8181187,0.5543156,-0.8903931,0.8392026,0.5943043,-0.8832648,0.8210944,0.5897394,-0.8665997,0.8198124,0.5743542,-0.8599175,0.8512768,0.5997838,-0.8689817,0.8287609,0.5934207,-0.8524975,0.8246303,0.5752027,-0.8469478,0.8707421,0.6012866,-0.8560513,0.8491657,0.5982862,-0.8398399,0.8421338,0.5813588,-0.8348614,0.8895203,0.596514,-0.8441614,0.87291,0.5973289,-0.8311028,0.8643479,0.5852689,-0.8284537,0.890395,0.5646894,-0.8877898,0.03651269,
1529578096218,0.8873224,0.5379117,-0.9029189,0.8536288,0.5513082,-0.8917234,0.8347779,0.5600731,-0.8779711,0.8539503,0.5957764,-0.8757689,0.8370637,0.5890056,-0.8591801,0.8368602,0.5728103,-0.8545576,0.866257,0.5997447,-0.8613696,0.8450262,0.5906979,-0.8451478,0.842236,0.5716519,-0.8419927,0.8857191,0.600742,-0.8487955,0.8647184,0.5959945,-0.8325023,0.8582039,0.5785124,-0.8292539,0.9042498,0.5952517,-0.837688,0.88776,0.5949217,-0.8245698,0.8794537,0.5825712,-0.8231037,0.9039846,0.5662003,-0.8828916,0.02673499,
1529578096245,0.9077951,0.5374076,-0.8942555,0.8759162,0.5509019,-0.879023,0.859502,0.5592952,-0.862308,0.8740997,0.5928175,-0.8660175,0.8586383,0.5843725,-0.8490533,0.8594352,0.5678664,-0.8456079,0.8867868,0.596488,-0.8518737,0.8671136,0.5854343,-0.8352752,0.8656554,0.566117,-0.8336284,0.9063786,0.5980093,-0.8400661,0.8863466,0.5917907,-0.8232144,0.8807656,0.5739516,-0.8208442,0.925149,0.592808,-0.8298234,0.9091402,0.5914241,-0.8162753,0.9014348,0.5787279,-0.8152965,0.9240088,0.5650027,-0.8757219,0.01877142,
1529578096271,0.9234133,0.5352283,-0.8888937,0.892363,0.5480391,-0.8716066,0.8772613,0.5558192,-0.8535087,0.8887731,0.5890557,-0.8597388,0.8741329,0.5798965,-0.8424054,0.8754023,0.5633384,-0.8392964,0.901747,0.5928581,-0.8457973,0.8829832,0.5809317,-0.8287077,0.8821053,0.5616082,-0.8275389,0.9215075,0.5949067,-0.8345277,0.9022024,0.5879384,-0.8171327,0.8971899,0.5699605,-0.8149846,0.9406226,0.5901238,-0.8248483,0.9251256,0.588109,-0.810873,0.9178717,0.5751771,-0.8100234,0.9390955,0.5628948,-0.8711556,0.01618589,
1529578096299,0.9398555,0.5323182,-0.8834394,0.9101083,0.5444119,-0.8636172,0.8969419,0.5517287,-0.8440201,0.9048153,0.5855086,-0.8533826,0.8910673,0.5766022,-0.8349177,0.892401,0.560164,-0.8312448,0.9184225,0.5898484,-0.8400713,0.9007255,0.578053,-0.821584,0.9001303,0.5588673,-0.8200462,0.9387608,0.5924752,-0.8298572,0.9205893,0.585564,-0.8110907,0.9159037,0.5676459,-0.8083068,0.958529,0.5882436,-0.821156,0.9440243,0.5861552,-0.8061546,0.9370784,0.5731338,-0.8047363,0.9551457,0.5603101,-0.8671715,0.01596813,
1529578096336,0.9704787,0.5332305,-0.8755943,0.9422178,0.5454277,-0.8537216,0.9306816,0.5526088,-0.8331707,0.9363266,0.5867467,-0.8431405,0.922834,0.5795239,-0.8235195,0.9234496,0.563376,-0.8188242,0.9510367,0.5915463,-0.8302686,0.9336954,0.5820695,-0.809733,0.9318942,0.5633203,-0.8068861,0.9720707,0.593177,-0.821329,0.9549658,0.5873426,-0.8009871,0.9497535,0.5697632,-0.7970898,0.9926349,0.588847,-0.8138094,0.979476,0.5875413,-0.7975246,0.9723177,0.5747898,-0.7952218,0.986076,0.5606515,-0.8600853,0.01934054,
1529578096365,0.9858502,0.5298719,-0.8709475,0.9588282,0.5415567,-0.8473786,0.9488871,0.5484574,-0.8259879,0.9521363,0.5849037,-0.8382809,0.9384636,0.5797367,-0.8177466,0.9385211,0.5642424,-0.8117613,0.9676785,0.5897961,-0.825738,0.9506503,0.5821633,-0.8037447,0.9479885,0.5638412,-0.7992001,0.9891716,0.5909703,-0.8176026,0.9728153,0.5860877,-0.7960597,0.9670722,0.5688919,-0.7905887,1.01028,0.5868824,-0.8108861,0.9980853,0.5863265,-0.7937577,0.9907548,0.5738347,-0.7903652,1.001849,0.5578476,-0.8565691,0.02364344,
1529578096392,1.011047,0.5267974,-0.8665448,0.9852706,0.5377048,-0.8413343,0.976571,0.5440497,-0.819224,0.9779322,0.5824342,-0.8323561,0.9641161,0.5790639,-0.8109722,0.9632133,0.5642717,-0.8036124,0.9940941,0.5870032,-0.8200892,0.9774364,0.5806244,-0.7969757,0.9739341,0.5627307,-0.7910358,1.015968,0.5879449,-0.8127561,1.000192,0.5841328,-0.7900696,0.9937466,0.5676247,-0.7829498,1.037564,0.5837821,-0.8068772,1.026267,0.5839819,-0.7888849,1.018664,0.5719794,-0.7842364,1.027218,0.5547847,-0.852626,0.02882842,
1529578096419,1.024694,0.5271987,-0.8643343,0.9998095,0.5366981,-0.8378012,0.9923669,0.5420772,-0.8150378,0.992026,0.5823134,-0.8281504,0.9785654,0.5788395,-0.8063953,0.9776754,0.5641168,-0.7989201,1.008432,0.5866461,-0.8162547,0.9922487,0.5798644,-0.7928333,0.9888939,0.5619135,-0.7868679,1.030539,0.5874264,-0.8094655,1.015291,0.5829951,-0.7864169,1.009024,0.5663884,-0.7791703,1.05248,0.5835268,-0.8042981,1.041711,0.583532,-0.7858816,1.034208,0.5715703,-0.7808843,1.041072,0.5553594,-0.850327,0.03100585,
1529578096445,1.048042,0.5297312,-0.8626869,1.02356,0.5371325,-0.8351821,1.016784,0.5410352,-0.8119537,1.015703,0.5832147,-0.8232419,1.002686,0.5786476,-0.8015598,1.002223,0.5635349,-0.7949522,1.032197,0.5870496,-0.8115568,1.016371,0.5790238,-0.7883586,1.013393,0.5607492,-0.7832227,1.054456,0.5875705,-0.8051483,1.039514,0.5818101,-0.78214,1.033557,0.5648168,-0.7755445,1.07659,0.5838112,-0.8006252,1.06603,0.5830241,-0.7820166,1.058654,0.5708872,-0.7771564,1.064517,0.5577419,-0.8477364,0.03173844,
1529578096472,1.062881,0.5294012,-0.8610004,1.038442,0.5345423,-0.8328757,1.031438,0.5369025,-0.8094708,1.031215,0.5812696,-0.8180391,1.018617,0.5758876,-0.7964495,1.01831,0.5604519,-0.7906733,1.047686,0.5846723,-0.8065834,1.031957,0.5760251,-0.7835609,1.029037,0.5576445,-0.779126,1.070116,0.5847021,-0.8005081,1.055319,0.5781838,-0.7774476,1.049358,0.5610899,-0.7712783,1.092254,0.5807387,-0.7966413,1.081741,0.579291,-0.7779444,1.074403,0.5670471,-0.7732403,1.079721,0.5570122,-0.8446813,0.03286738,
1529578096499,1.077055,0.5248181,-0.8574761,1.052431,0.5281479,-0.8291386,1.044823,0.5297882,-0.8057885,1.044588,0.5758938,-0.8131288,1.032274,0.5708473,-0.7909441,1.031993,0.5557258,-0.7843553,1.061091,0.5798275,-0.8020164,1.045758,0.57135,-0.7783245,1.043009,0.5531555,-0.7730325,1.083681,0.5804423,-0.7964176,1.069399,0.5738839,-0.7727637,1.06378,0.5569446,-0.7657601,1.105977,0.5769877,-0.7930835,1.095796,0.575145,-0.7740856,1.088881,0.5627863,-0.7688613,1.093432,0.5532559,-0.8409988,0.03601071,
1529578096538,1.103298,0.5217852,-0.8545082,1.077866,0.5241206,-0.826665,1.068723,0.5253772,-0.8037186,1.070363,0.5718085,-0.808553,1.058222,0.5674425,-0.7857581,1.0576,0.5527494,-0.7779843,1.08677,0.5763195,-0.7976887,1.071611,0.5685235,-0.7733206,1.06864,0.5506494,-0.7668113,1.109423,0.5773798,-0.7924392,1.095401,0.571345,-0.7681452,1.089759,0.5548779,-0.7599077,1.131734,0.5741757,-0.7895212,1.121664,0.5722963,-0.7701994,1.114926,0.5601414,-0.7640247,1.119393,0.5504277,-0.8374052,0.03918174,
1529578096565,1.109982,0.521805,-0.8519245,1.084592,0.5240251,-0.8240163,1.075229,0.5251707,-0.8011081,1.077983,0.5711363,-0.8046638,1.066347,0.5665745,-0.7815425,1.065684,0.5518739,-0.7735891,1.094432,0.575617,-0.7940779,1.079698,0.5676043,-0.7694659,1.076695,0.5496902,-0.7628186,1.117096,0.5766481,-0.7891984,1.103414,0.5704166,-0.7646664,1.097798,0.5539876,-0.7562369,1.139332,0.5733803,-0.7866793,1.129412,0.5712312,-0.7672172,1.122709,0.559104,-0.7608275,1.126446,0.5501743,-0.8345648,0.03951538,
1529578096592,1.126212,0.5227552,-0.8479383,1.100244,0.5242593,-0.8204938,1.090311,0.5249648,-0.797801,1.093584,0.570459,-0.7995273,1.081974,0.5651647,-0.7765226,1.081499,0.5503027,-0.7687151,1.109947,0.574901,-0.7888666,1.095358,0.5658667,-0.7645352,1.092711,0.5476921,-0.7582713,1.13254,0.5764404,-0.7839965,1.118876,0.5694207,-0.7597339,1.113618,0.5526472,-0.751776,1.15493,0.5735644,-0.7814798,1.145042,0.5709007,-0.7620941,1.138569,0.5585108,-0.7559975,1.142434,0.5509962,-0.8297952,0.03956824,
1529578096618,1.132813,0.5234872,-0.8448287,1.106611,0.5242358,-0.8175279,1.096236,0.5243605,-0.7949989,1.101004,0.5697799,-0.7947295,1.089629,0.5633444,-0.7718126,1.089178,0.5481974,-0.7642806,1.117514,0.5741483,-0.7841786,1.10309,0.5643226,-0.7598772,1.100276,0.5460315,-0.7537209,1.140202,0.575714,-0.7794861,1.126764,0.568127,-0.7551761,1.121463,0.5512592,-0.7474005,1.16267,0.5726541,-0.777227,1.153078,0.5694054,-0.7577315,1.146608,0.5569173,-0.7517657,1.149501,0.5513732,-0.8259649,0.03951747,
1529578096645,1.142688,0.5231055,-0.8395994,1.116184,0.5232851,-0.8124329,1.104745,0.5230956,-0.7903461,1.111743,0.5692221,-0.7889006,1.100582,0.5620341,-0.7660004,1.100127,0.5467539,-0.7584599,1.128399,0.5737811,-0.7785748,1.114024,0.5637673,-0.7540557,1.110871,0.5455744,-0.7474178,1.151241,0.5754879,-0.7740895,1.137966,0.5680989,-0.7494248,1.132402,0.5515163,-0.7410973,1.173771,0.5721718,-0.7720636,1.164471,0.5688723,-0.7523067,1.157905,0.5565767,-0.745923,1.159749,0.5512179,-0.8207844,0.03997211,
1529578096672,1.148868,0.5219722,-0.8376712,1.122053,0.5205615,-0.8106861,1.109425,0.5193269,-0.7892125,1.118779,0.5668614,-0.7850912,1.107726,0.5588002,-0.7622126,1.107114,0.5434216,-0.7546615,1.135613,0.5715065,-0.7749323,1.121251,0.5611641,-0.7502108,1.117667,0.5431021,-0.7431526,1.158683,0.5731694,-0.7707078,1.145701,0.5655455,-0.7457391,1.139946,0.549143,-0.7370549,1.181326,0.5696008,-0.7691189,1.172459,0.5658247,-0.7491204,1.165905,0.5535807,-0.7425036,1.166461,0.5501885,-0.8182181,0.0421861,
1529578096699,1.153834,0.5221064,-0.8367652,1.126335,0.5189728,-0.8104559,1.111933,0.5165997,-0.7901356,1.123995,0.5652245,-0.7820957,1.11276,0.5565656,-0.7592852,1.111805,0.5411926,-0.75157,1.140879,0.56996,-0.7719437,1.126244,0.5594958,-0.7471226,1.122148,0.541643,-0.7396095,1.164203,0.571602,-0.7678,1.151335,0.5638553,-0.742608,1.145355,0.5476741,-0.7335442,1.186966,0.5677788,-0.7665522,1.178397,0.5635401,-0.7463709,1.171861,0.5513773,-0.7394487,1.17167,0.5500035,-0.8161609,0.04573989,
1529578096736,1.16285,0.5206243,-0.8336622,1.133978,0.5145122,-0.8092255,1.116626,0.5103118,-0.7915866,1.13107,0.5611823,-0.7772495,1.118738,0.5519348,-0.754772,1.116883,0.5368465,-0.7463454,1.147753,0.566526,-0.7666494,1.131914,0.5564067,-0.74186,1.126724,0.5392152,-0.7332151,1.171407,0.5684212,-0.7619948,1.158063,0.5609449,-0.7365874,1.151549,0.5454203,-0.7265629,1.194466,0.5644116,-0.7606302,1.185982,0.5596733,-0.7402663,1.179472,0.5477604,-0.7326795,1.179929,0.5485602,-0.8112446,0.05244926,
1529578096765,1.1674,0.5187475,-0.8332453,1.137928,0.5109301,-0.810007,1.119502,0.5056744,-0.793782,1.133687,0.557656,-0.7761549,1.120588,0.5484079,-0.7538771,1.11809,0.5335812,-0.7450476,1.15011,0.5632626,-0.7650783,1.133482,0.5534796,-0.7404095,1.127633,0.53671,-0.7312646,1.173787,0.5653096,-0.7599099,1.159954,0.5580332,-0.7345164,1.153085,0.542896,-0.7240635,1.197033,0.5612887,-0.7582186,1.18846,0.5562971,-0.737833,1.181966,0.5444902,-0.729991,1.183511,0.5465252,-0.8096111,0.05617679,
1529578096792,1.174899,0.5178297,-0.8323171,1.144983,0.5082846,-0.8103077,1.125767,0.5019569,-0.795427,1.138969,0.5545722,-0.7745802,1.124874,0.545182,-0.7528018,1.121637,0.5304975,-0.74389,1.155165,0.5602139,-0.7628381,1.13757,0.5506502,-0.7385213,1.13092,0.5342593,-0.7291496,1.178777,0.5622007,-0.7570414,1.164204,0.5549355,-0.7318901,1.156825,0.5401025,-0.7212801,1.202142,0.5580041,-0.7549493,1.19323,0.5525429,-0.7347288,1.186638,0.5407386,-0.7268995,1.189959,0.5450442,-0.8072376,0.05905656,
1529578096819,1.179683,0.5156596,-0.8312991,1.149976,0.5046002,-0.8097163,1.130799,0.4973002,-0.7952377,1.142421,0.5504394,-0.7729222,1.128045,0.5406785,-0.7513173,1.124585,0.5261022,-0.742245,1.158442,0.5564117,-0.7609795,1.140593,0.5466079,-0.7367951,1.133835,0.5303165,-0.7272992,1.182097,0.5587236,-0.7549861,1.167482,0.5510607,-0.7298818,1.160201,0.5362079,-0.7192023,1.205658,0.5549099,-0.7528667,1.196895,0.5490042,-0.7326401,1.190544,0.5370902,-0.7247492,1.193887,0.5427835,-0.8055342,0.0606333,
1529578096845,1.184932,0.512115,-0.8303593,1.15468,0.5000417,-0.810122,1.134805,0.4921491,-0.7969573,1.145387,0.5459186,-0.7725906,1.13039,0.5361621,-0.7512834,1.126663,0.521785,-0.741979,1.161006,0.5524151,-0.760276,1.14255,0.5426795,-0.7364446,1.135676,0.5265071,-0.7268414,1.18453,0.5551811,-0.7537323,1.169416,0.5474066,-0.7289256,1.162148,0.532536,-0.7182649,1.208249,0.5518473,-0.751075,1.199247,0.5457656,-0.7309795,1.193039,0.5337534,-0.723128,1.197948,0.5395961,-0.8040126,0.06298573,
1529578096872,1.188122,0.5105667,-0.8324144,1.157491,0.4979138,-0.8131257,1.137373,0.4896427,-0.8005774,1.147625,0.5435672,-0.7744902,1.131982,0.5339175,-0.7534789,1.127674,0.5197119,-0.7441388,1.163078,0.5498441,-0.7618125,1.144013,0.5401881,-0.7383244,1.136664,0.524174,-0.7288,1.186521,0.552322,-0.7548531,1.170902,0.5443539,-0.7303501,1.163306,0.5295269,-0.71984,1.210247,0.5487766,-0.7518824,1.200946,0.5423086,-0.7319947,1.194605,0.530238,-0.7243267,1.200715,0.5376253,-0.8052331,0.0646803,
1529578096899,1.190025,0.5078299,-0.8337348,1.159168,0.4943973,-0.8153564,1.138903,0.4856153,-0.8034079,1.147806,0.5396513,-0.7761891,1.131748,0.5298979,-0.7554447,1.127247,0.5158181,-0.7459823,1.162921,0.546231,-0.763208,1.143503,0.5363464,-0.7400533,1.136143,0.5203228,-0.7305381,1.186195,0.5490963,-0.7558347,1.170256,0.5407444,-0.7316527,1.16275,0.5257704,-0.7212748,1.209977,0.546049,-0.7524644,1.200456,0.539302,-0.7327534,1.194243,0.5271065,-0.7251666,1.201638,0.534941,-0.8060032,0.06592249,
1529578096937,1.195024,0.5034541,-0.8382698,1.163821,0.489043,-0.8212676,1.143342,0.479619,-0.8102051,1.151287,0.5331553,-0.7803016,1.134694,0.5233381,-0.7598984,1.129809,0.5093687,-0.7504627,1.166138,0.5395902,-0.7668612,1.146374,0.5293063,-0.7441018,1.13886,0.5132313,-0.7347608,1.189263,0.542541,-0.7590241,1.17309,0.5334851,-0.7352252,1.165629,0.5182571,-0.7251686,1.213186,0.5399183,-0.7552751,1.203682,0.5326769,-0.7357298,1.197638,0.520246,-0.7284033,1.205788,0.5299539,-0.8093411,0.06809814,
1529578096965,1.19442,0.5021798,-0.8407755,1.162727,0.488401,-0.8241611,1.141923,0.4793938,-0.8133627,1.150701,0.5324455,-0.7830878,1.1336,0.5229667,-0.7629654,1.128342,0.5090941,-0.7535783,1.165634,0.5386406,-0.7695118,1.145446,0.5286874,-0.7469811,1.137555,0.5127599,-0.7376608,1.188812,0.5412776,-0.7614856,1.172319,0.5324761,-0.7378194,1.164556,0.5173704,-0.7277851,1.212747,0.5383797,-0.7575566,1.203062,0.5313553,-0.738027,1.196806,0.5190434,-0.7306662,1.205503,0.5283796,-0.8116567,0.0681228,
1529578096992,1.198004,0.4988766,-0.8435212,1.165785,0.4851718,-0.8278837,1.144636,0.4762163,-0.8177297,1.153629,0.5280151,-0.7858088,1.135942,0.5183111,-0.7662442,1.130146,0.5044294,-0.7571285,1.1685,0.5337275,-0.7717555,1.147829,0.5235255,-0.7496727,1.139414,0.5076802,-0.7405744,1.191618,0.5360379,-0.7632683,1.174714,0.5270356,-0.7398692,1.166491,0.5120618,-0.7299273,1.215534,0.5329379,-0.7590086,1.20565,0.5258486,-0.7395199,1.19912,0.5137272,-0.732021,1.208933,0.5241839,-0.8135248,0.06839926,
1529578097018,1.199402,0.4979482,-0.8454171,1.167361,0.4840667,-0.8295645,1.14683,0.4748136,-0.8184285,1.154135,0.5266401,-0.7882078,1.136007,0.5168964,-0.7690504,1.12991,0.5030602,-0.760016,1.168878,0.5322404,-0.7738609,1.147825,0.5219426,-0.7521043,1.139109,0.5062128,-0.7430123,1.191918,0.5346088,-0.765005,1.174685,0.525584,-0.7417811,1.166208,0.5107684,-0.7317528,1.215849,0.5314919,-0.7604172,1.205822,0.5242846,-0.7410001,1.199222,0.5122192,-0.7334343,1.209939,0.523024,-0.8150784,0.0670535,
1529578097046,1.203201,0.4924743,-0.8466163,1.1706,0.4789452,-0.8316288,1.149563,0.4699745,-0.8212613,1.156892,0.5218414,-0.7906804,1.138366,0.5121456,-0.7718815,1.132123,0.4983653,-0.7628458,1.171402,0.5276474,-0.7760973,1.149949,0.5174298,-0.7546704,1.141083,0.5017852,-0.74555,1.194322,0.5301924,-0.7667937,1.176728,0.521306,-0.7437687,1.168109,0.5065938,-0.7336883,1.218143,0.5272276,-0.7617229,1.207783,0.5202033,-0.7424017,1.201061,0.5082352,-0.7347767,1.213278,0.5179218,-0.816292,0.06725006,
1529578097073,1.20302,0.4919801,-0.8490694,1.170087,0.4787881,-0.8345135,1.148824,0.4700193,-0.8244382,1.157099,0.5207074,-0.7925358,1.138298,0.5109521,-0.7739999,1.131641,0.4971654,-0.7652486,1.171698,0.5257477,-0.7777368,1.149995,0.5153794,-0.7565419,1.14068,0.4998174,-0.7476919,1.194613,0.5276341,-0.7683116,1.176785,0.5185164,-0.7454821,1.16776,0.5038768,-0.7356174,1.218358,0.5240213,-0.7632608,1.207858,0.5165915,-0.7441226,1.200886,0.5046178,-0.736703,1.213415,0.5164467,-0.8181548,0.06734668,
1529578097099,1.204061,0.4903311,-0.8508793,1.170924,0.4774868,-0.8364764,1.149545,0.4689238,-0.8264693,1.158421,0.5189811,-0.7941602,1.139455,0.5092455,-0.7757422,1.132457,0.4955127,-0.7671371,1.173008,0.5234303,-0.7792461,1.151104,0.5129906,-0.7582523,1.141464,0.497479,-0.7496396,1.195855,0.5247629,-0.7697209,1.177763,0.5155436,-0.7470927,1.168377,0.5009882,-0.7374148,1.219452,0.5206985,-0.7646289,1.208681,0.5131807,-0.7456435,1.20141,0.5013037,-0.7383376,1.214703,0.5141036,-0.8196265,0.06722577,
1529578097137,1.205319,0.4863704,-0.8521075,1.172183,0.4737705,-0.8374882,1.1508,0.4653539,-0.8273623,1.159976,0.5144638,-0.7951528,1.140953,0.5044837,-0.7769243,1.133752,0.4906217,-0.7686906,1.174523,0.5181249,-0.7801389,1.152459,0.5073375,-0.7594823,1.142575,0.4917101,-0.7513731,1.197263,0.518759,-0.7705525,1.178892,0.5091462,-0.7483033,1.169188,0.4944808,-0.7391143,1.220688,0.5142779,-0.7654572,1.209587,0.5066484,-0.746689,1.201966,0.4948445,-0.739618,1.216124,0.5091237,-0.8206086,0.06611717,
1529578097165,1.205363,0.4847951,-0.8522626,1.17223,0.4727585,-0.8371741,1.150859,0.4647012,-0.8267347,1.160398,0.5135931,-0.7955872,1.141481,0.5036972,-0.7772902,1.13434,0.4896993,-0.7692956,1.174888,0.5167705,-0.7805569,1.152822,0.5059984,-0.7600034,1.142934,0.4902171,-0.7522845,1.197459,0.5168078,-0.770987,1.178892,0.5070928,-0.7490271,1.169054,0.4922511,-0.7403387,1.220688,0.5118656,-0.7658241,1.209303,0.5041845,-0.7473076,1.201444,0.4922977,-0.740702,1.216324,0.5072197,-0.8210039,0.06478471,
1529578097192,1.205547,0.4816171,-0.8504376,1.17226,0.4707136,-0.8348303,1.150829,0.4633766,-0.8239887,1.160759,0.5121816,-0.7949842,1.141779,0.502422,-0.7768815,1.134775,0.4881674,-0.7693195,1.175062,0.514905,-0.7798856,1.152767,0.5041963,-0.7597948,1.142948,0.4881166,-0.7527678,1.197391,0.5142533,-0.7701091,1.17839,0.5044674,-0.7487513,1.168431,0.4892998,-0.7409139,1.22026,0.5087222,-0.764641,1.208258,0.5010183,-0.7466658,1.200065,0.4889597,-0.7409213,1.216588,0.503871,-0.8196891,0.062137,
1529578097219,1.206352,0.480815,-0.8515249,1.173524,0.4704345,-0.8346441,1.152552,0.4633772,-0.8227715,1.161887,0.5124335,-0.7970459,1.14319,0.5023088,-0.7790239,1.136574,0.4876758,-0.7719276,1.176131,0.5147389,-0.7819787,1.154029,0.5034938,-0.7621751,1.144579,0.4869685,-0.755833,1.198226,0.5136712,-0.7722616,1.179091,0.5034003,-0.7513868,1.169204,0.487867,-0.7442787,1.220748,0.50783,-0.7667593,1.208296,0.4998372,-0.7493203,1.199935,0.4875835,-0.7443438,1.217379,0.5032489,-0.8216487,0.05857325,
1529578097246,1.208053,0.4812925,-0.8512453,1.175614,0.4720114,-0.833048,1.155218,0.4655575,-0.8199018,1.163118,0.5152096,-0.7993566,1.144225,0.5051025,-0.7817795,1.137751,0.4902036,-0.7751763,1.177071,0.5169573,-0.7840735,1.154714,0.5053836,-0.7649875,1.145428,0.4885224,-0.7594082,1.198637,0.5153455,-0.7740493,1.178793,0.5047435,-0.754149,1.16873,0.4889612,-0.7479005,1.220558,0.5090806,-0.7680255,1.207082,0.5008698,-0.7515948,1.198414,0.4884598,-0.7476933,1.218656,0.5040153,-0.8224864,0.05397128,
1529578097272,1.209253,0.480765,-0.8501305,1.178017,0.4722728,-0.8296303,1.158919,0.4661894,-0.8145029,1.164661,0.5168605,-0.8001422,1.145849,0.5066848,-0.7828776,1.139811,0.4914046,-0.7769036,1.178708,0.5178761,-0.7848331,1.156543,0.5057275,-0.7661932,1.147667,0.4884323,-0.7613974,1.199902,0.5156444,-0.7749795,1.179837,0.5042967,-0.7559758,1.169965,0.4880256,-0.7507749,1.221285,0.5090752,-0.7689234,1.207111,0.5004257,-0.753566,1.198427,0.4877161,-0.7509809,1.219774,0.5038982,-0.8229106,0.04913868,
1529578097299,1.211321,0.4764332,-0.8460271,1.181836,0.4699192,-0.8225671,1.165142,0.4651733,-0.8045169,1.165113,0.5160583,-0.8016258,1.147019,0.5063545,-0.7836268,1.142169,0.4910533,-0.7768475,1.17885,0.518322,-0.7866161,1.157295,0.5060503,-0.7674797,1.149545,0.488493,-0.7618224,1.199409,0.5169783,-0.7770155,1.179279,0.5048708,-0.7585824,1.170324,0.4881338,-0.7530177,1.220379,0.5116081,-0.7703756,1.205454,0.5023202,-0.7560604,1.197454,0.489127,-0.7536234,1.220464,0.5024153,-0.8225853,0.0443075,
1529578097337,1.219579,0.4636778,-0.8307509,1.194113,0.4621581,-0.8023224,1.181963,0.4628012,-0.7805573,1.164801,0.5038311,-0.8017094,1.150845,0.4965217,-0.7790211,1.150056,0.4838619,-0.7669325,1.176114,0.5140818,-0.7904593,1.15747,0.5039469,-0.7667742,1.153153,0.488652,-0.7542976,1.195495,0.5193338,-0.783163,1.177899,0.506977,-0.7619705,1.17385,0.4908192,-0.7514257,1.216434,0.5207316,-0.7768909,1.203798,0.5089008,-0.7625543,1.201957,0.4940231,-0.7581058,1.221036,0.4967835,-0.8202778,0.0405868,
1529578097365,1.226541,0.459992,-0.8240555,1.202231,0.4594202,-0.7944672,1.19049,0.4619299,-0.7729117,1.168493,0.4914175,-0.7962927,1.161267,0.48308,-0.7714545,1.166898,0.471881,-0.7590278,1.176128,0.5080582,-0.7896491,1.16001,0.5005205,-0.7629473,1.157901,0.4885977,-0.7467166,1.194987,0.5182624,-0.785146,1.181715,0.5077243,-0.760201,1.181816,0.493697,-0.7464499,1.216353,0.5231615,-0.7816408,1.209414,0.5102786,-0.7650305,1.213196,0.4961145,-0.7597429,1.222099,0.4937395,-0.8200567,0.02912608,
1529578097393,1.221647,0.4627427,-0.8302171,1.196577,0.4637173,-0.8012736,1.185089,0.4659702,-0.779636,1.168673,0.4965179,-0.799517,1.161368,0.4836941,-0.7773966,1.166501,0.4689513,-0.7687338,1.177665,0.5111259,-0.7900723,1.159148,0.5018515,-0.7654935,1.154229,0.4878093,-0.7516923,1.197644,0.5168874,-0.7832987,1.181216,0.5045798,-0.7609094,1.177443,0.4889209,-0.7493124,1.219547,0.5170556,-0.7783205,1.210399,0.5021201,-0.764974,1.212433,0.4867684,-0.7632124,1.222131,0.4942809,-0.8210948,0.02175458,
1529578097419,1.211549,0.4728142,-0.8386892,1.1871,0.4732116,-0.8093258,1.176343,0.472703,-0.7870251,1.16803,0.5115676,-0.7988824,1.154022,0.4976914,-0.779942,1.152266,0.4812942,-0.7739493,1.181449,0.5165373,-0.7856191,1.160943,0.503584,-0.7643766,1.152624,0.4872344,-0.7558466,1.202097,0.512567,-0.7788713,1.184267,0.4942131,-0.7627756,1.178237,0.4755949,-0.7586513,1.222142,0.5073161,-0.7747209,1.209637,0.4909101,-0.7677414,1.208998,0.4761772,-0.7723548,1.220255,0.4989269,-0.821357,0.028714,
1529578097448,1.208676,0.4773661,-0.8403659,1.184677,0.4761148,-0.8107441,1.174209,0.4736897,-0.7883458,1.168695,0.5148528,-0.7953531,1.152229,0.5015726,-0.7770211,1.147043,0.4859928,-0.7707632,1.183449,0.5143704,-0.7821059,1.163409,0.4974934,-0.7635501,1.155167,0.4797029,-0.7585336,1.20387,0.5081174,-0.7767767,1.187197,0.4864821,-0.7659571,1.183461,0.4673069,-0.7685823,1.223301,0.5021529,-0.7726738,1.210205,0.485679,-0.7679945,1.208342,0.4723895,-0.7755612,1.220002,0.5003004,-0.819914,0.03461956,
1529578097472,1.207764,0.4787569,-0.8394663,1.183794,0.4781355,-0.8098311,1.173396,0.4759834,-0.7873607,1.16846,0.516503,-0.7943092,1.151628,0.50348,-0.7760589,1.14607,0.4880816,-0.7696444,1.18382,0.5145658,-0.7812717,1.164839,0.4957955,-0.7640387,1.157989,0.4770452,-0.7610921,1.204148,0.5085409,-0.776078,1.18875,0.4860938,-0.7670372,1.187074,0.4673942,-0.7723727,1.223386,0.5029219,-0.7716036,1.210443,0.4865564,-0.7671601,1.208744,0.473883,-0.7755772,1.219641,0.5012716,-0.818911,0.0347403,
1529578097499,1.207386,0.4789952,-0.8385299,1.183318,0.4791571,-0.8089715,1.17275,0.4775482,-0.7865161,1.168811,0.5172664,-0.7936777,1.152013,0.5041806,-0.7754292,1.146519,0.4887927,-0.7688907,1.184632,0.5149083,-0.7807907,1.16647,0.4951943,-0.7640902,1.160633,0.47605,-0.7622646,1.204993,0.509205,-0.7755896,1.190322,0.4864683,-0.7669704,1.189364,0.4680617,-0.7732285,1.224128,0.5038612,-0.7709678,1.211295,0.4875397,-0.7663173,1.209328,0.4749843,-0.7748749,1.219787,0.50167,-0.8182442,0.03354292,
1529578097537,1.206317,0.479304,-0.8376778,1.181371,0.4798233,-0.8088187,1.169713,0.4784535,-0.7868539,1.169545,0.5168409,-0.7914945,1.152966,0.5028129,-0.7739259,1.147916,0.4869503,-0.768223,1.185817,0.5137745,-0.7788948,1.168432,0.4927989,-0.7635661,1.163712,0.4733663,-0.763851,1.206161,0.5083346,-0.7736262,1.191286,0.4855751,-0.7649921,1.18959,0.4672948,-0.7714689,1.225232,0.5028566,-0.7690899,1.212076,0.4867943,-0.7639534,1.208906,0.4742024,-0.7722636,1.219986,0.501336,-0.8166754,0.02990722,
1529578097565,1.205835,0.4797979,-0.8376501,1.180528,0.4801697,-0.8090924,1.168279,0.4787464,-0.7874091,1.169472,0.516233,-0.790561,1.153097,0.5016409,-0.7733233,1.148284,0.4855556,-0.768054,1.185797,0.5130656,-0.778071,1.168677,0.4916521,-0.7633039,1.164374,0.4722003,-0.7643876,1.20615,0.5080079,-0.7725545,1.190875,0.4854829,-0.7632898,1.188306,0.4670643,-0.7691609,1.225314,0.5023839,-0.7681916,1.211985,0.4864638,-0.7625184,1.208064,0.4736739,-0.7703084,1.219833,0.5013332,-0.8161024,0.0286494,
1529578097592,1.204136,0.4803677,-0.8355581,1.178252,0.4810593,-0.8074964,1.165036,0.479873,-0.7863152,1.169067,0.5155989,-0.7867849,1.152734,0.5007684,-0.7696846,1.147711,0.4846458,-0.764667,1.18544,0.5119777,-0.7745459,1.168323,0.4903663,-0.7602439,1.163951,0.4709855,-0.7619877,1.205751,0.506999,-0.7689449,1.189839,0.4849332,-0.7590182,1.186023,0.4664351,-0.7641938,1.224941,0.5009604,-0.7649406,1.211266,0.485375,-0.7586858,1.20644,0.4724796,-0.7658936,1.218905,0.5008125,-0.8132556,0.02813525,
1529578097619,1.202587,0.482383,-0.8359636,1.176131,0.4834017,-0.8084385,1.161914,0.4824575,-0.787837,1.16875,0.5155108,-0.7850729,1.152494,0.5002892,-0.7682196,1.147229,0.4840946,-0.7636338,1.18504,0.5113102,-0.7731502,1.167834,0.4894317,-0.7595352,1.163333,0.470192,-0.7621262,1.20532,0.5061691,-0.7676065,1.188921,0.4843334,-0.7575753,1.184146,0.4659317,-0.7625442,1.224458,0.4997691,-0.7639769,1.210417,0.4844317,-0.7573932,1.204759,0.4715273,-0.764091,1.218155,0.501177,-0.8125457,0.02835722,
1529578097646,1.200963,0.4840545,-0.8356413,1.173936,0.486066,-0.8086925,1.158505,0.4860359,-0.7888979,1.168826,0.5144804,-0.7822274,1.153242,0.4987894,-0.7651498,1.14809,0.482495,-0.760742,1.185224,0.5101908,-0.7708155,1.168507,0.4880182,-0.757305,1.164154,0.4688687,-0.7604956,1.205607,0.5052689,-0.7656444,1.189304,0.4835539,-0.7550448,1.183987,0.4651678,-0.7596667,1.22488,0.4989218,-0.7625729,1.210814,0.4837862,-0.7550158,1.204312,0.4706756,-0.7606217,1.21748,0.5011306,-0.8113635,0.03022842,
1529578097672,1.200187,0.4857453,-0.8353633,1.172565,0.4892101,-0.8091196,1.156479,0.4900473,-0.7898923,1.169858,0.5130422,-0.7793311,1.154249,0.4970907,-0.7624468,1.148573,0.480854,-0.7583041,1.186177,0.5077918,-0.7685889,1.169352,0.4852619,-0.7562148,1.164978,0.4664205,-0.7607296,1.206547,0.5022464,-0.7639726,1.19004,0.4803117,-0.7543783,1.184402,0.4622167,-0.7598841,1.225736,0.4956681,-0.7612684,1.211375,0.4806705,-0.7538255,1.204448,0.467873,-0.7595798,1.217769,0.5000582,-0.809921,0.03383551,
1529578097699,1.199447,0.4856051,-0.8345264,1.171125,0.4902219,-0.8091991,1.154487,0.4918117,-0.7905161,1.169723,0.5129681,-0.7778742,1.153927,0.4974724,-0.7607595,1.148016,0.4813688,-0.7564173,1.185942,0.5073555,-0.7673562,1.169058,0.4849115,-0.7553546,1.164985,0.4661637,-0.760366,1.206314,0.5016047,-0.7627834,1.189906,0.4796985,-0.7538057,1.184724,0.4617267,-0.7600985,1.225454,0.4950996,-0.7599057,1.210963,0.4803572,-0.7524232,1.204125,0.4676157,-0.7583226,1.21753,0.4993145,-0.8085971,0.03624444,
1529578097736,1.198132,0.4859059,-0.8333895,1.168996,0.492326,-0.8093929,1.151958,0.4949659,-0.7912547,1.168007,0.5148416,-0.7774311,1.151678,0.500149,-0.7603645,1.145844,0.4840374,-0.7561758,1.18405,0.5087396,-0.7669162,1.167189,0.4863913,-0.7558422,1.164165,0.4677517,-0.7617667,1.204378,0.5029694,-0.7617993,1.188182,0.4812447,-0.7537743,1.184283,0.4635445,-0.7613808,1.223409,0.4965805,-0.7582581,1.208746,0.4822206,-0.7509748,1.202468,0.4695661,-0.7574288,1.216263,0.4995298,-0.8070811,0.03724701,
1529578097765,1.197997,0.4853786,-0.8331159,1.168721,0.4915639,-0.8092473,1.151773,0.4939646,-0.7910102,1.166858,0.5149312,-0.7779557,1.150364,0.5003922,-0.7610363,1.144707,0.484214,-0.7569462,1.182802,0.5089673,-0.7671922,1.165973,0.4866829,-0.7562661,1.163429,0.4680495,-0.7622972,1.203139,0.5032982,-0.7617867,1.187165,0.4815594,-0.7540977,1.183971,0.4639437,-0.7621063,1.222203,0.4970751,-0.7578883,1.207601,0.4827075,-0.7507584,1.201705,0.4700399,-0.7574579,1.215662,0.499547,-0.806861,0.0361298,
1529578097793,1.196808,0.4843601,-0.8299729,1.167702,0.4899455,-0.80577,1.151027,0.4918469,-0.7872314,1.165328,0.5139927,-0.7750452,1.14869,0.4993746,-0.7584324,1.143122,0.4831069,-0.754654,1.18126,0.5077516,-0.7643487,1.164411,0.4852894,-0.7539145,1.162041,0.4667102,-0.7602192,1.20158,0.5020503,-0.758844,1.185667,0.4802181,-0.7516648,1.182775,0.4627589,-0.7600956,1.220633,0.4957555,-0.7548642,1.206015,0.4812813,-0.748058,1.200236,0.4687254,-0.7550429,1.214285,0.4986596,-0.8038003,0.03464339,
1529578097819,1.196223,0.4829983,-0.8278247,1.167169,0.487332,-0.8032713,1.150367,0.4885772,-0.784783,1.164713,0.5140081,-0.7736175,1.147911,0.4992159,-0.7576696,1.142638,0.4827095,-0.7545727,1.180697,0.5071917,-0.7630943,1.163926,0.4844383,-0.7536491,1.162012,0.4660282,-0.7606344,1.200954,0.5014476,-0.7573181,1.185082,0.4796123,-0.7508528,1.182474,0.4623659,-0.7598696,1.219889,0.4949344,-0.7532268,1.205288,0.4804445,-0.7470849,1.19984,0.4681792,-0.7548141,1.213726,0.4981154,-0.8019835,0.0317304,
1529578097846,1.195615,0.4836039,-0.8276275,1.166966,0.4874128,-0.8025869,1.151166,0.4878781,-0.7832621,1.163543,0.5155704,-0.7743143,1.14661,0.5007945,-0.7588207,1.141753,0.4841188,-0.7563419,1.179319,0.5086374,-0.7636898,1.162598,0.4859965,-0.7549361,1.161462,0.4678151,-0.762537,1.199547,0.5029045,-0.7574236,1.183156,0.4812788,-0.750611,1.180206,0.4639278,-0.7591699,1.218324,0.4961634,-0.7532619,1.203637,0.4817903,-0.7475625,1.198614,0.4696298,-0.755697,1.212799,0.4991257,-0.8019749,0.02876539,
1529578097872,1.19511,0.4842093,-0.8276057,1.166877,0.4875986,-0.802096,1.151783,0.4875989,-0.782235,1.162649,0.517084,-0.7752628,1.145737,0.5021755,-0.7600725,1.141275,0.4853806,-0.7579682,1.178342,0.5102995,-0.7644548,1.161628,0.4877213,-0.7558417,1.160738,0.4695505,-0.7634969,1.198502,0.5046054,-0.7579433,1.181979,0.4830767,-0.751058,1.179087,0.4657,-0.7595086,1.21716,0.4977952,-0.7536867,1.202453,0.4834628,-0.7482694,1.197764,0.4713183,-0.7566088,1.212021,0.5003387,-0.802318,0.02653718,
1529578097899,1.194732,0.4847371,-0.8270124,1.166629,0.487841,-0.8013499,1.151707,0.4875039,-0.7813604,1.162186,0.5163702,-0.7741637,1.145403,0.5009938,-0.7593988,1.141177,0.4841097,-0.7579569,1.177746,0.5095774,-0.763343,1.160957,0.4869871,-0.7551092,1.160088,0.4690587,-0.7632127,1.197866,0.5036948,-0.756884,1.181156,0.4821639,-0.7502078,1.178076,0.4649527,-0.7588551,1.216499,0.4967188,-0.7527384,1.201702,0.4823695,-0.747485,1.196928,0.4704037,-0.7559896,1.211516,0.500191,-0.8014181,0.0258872,
1529578097935,1.195975,0.4848204,-0.8270386,1.16748,0.4890676,-0.8019562,1.1522,0.4892785,-0.7822725,1.163618,0.512593,-0.7724501,1.147271,0.4963447,-0.757942,1.14314,0.4794151,-0.7570062,1.179109,0.5061744,-0.7615877,1.162199,0.4834622,-0.7531526,1.160798,0.4657084,-0.7613574,1.199259,0.5000821,-0.7556452,1.182733,0.4782827,-0.7493646,1.17951,0.4612336,-0.7583779,1.218033,0.4932598,-0.7516574,1.203176,0.4787689,-0.7460242,1.197829,0.4668309,-0.7541817,1.212805,0.498199,-0.8005325,0.02859629,
1529578097968,1.196656,0.4848856,-0.8273195,1.167703,0.4890313,-0.802727,1.151916,0.4891971,-0.7834405,1.165037,0.5106565,-0.7710769,1.148944,0.4940548,-0.7566684,1.14491,0.4771318,-0.7561715,1.180529,0.5040693,-0.7605783,1.163778,0.4811824,-0.7525378,1.162455,0.4636847,-0.7612376,1.200815,0.4979299,-0.7548884,1.184396,0.4760216,-0.7488064,1.180723,0.4589215,-0.7578769,1.219732,0.4910554,-0.7512324,1.204962,0.4764397,-0.74548,1.199355,0.4646617,-0.7536635,1.213953,0.4971485,-0.8000878,0.03063081,
1529578097992,1.196655,0.4837463,-0.8269673,1.167507,0.4884018,-0.8027088,1.151479,0.4890031,-0.7836004,1.165015,0.5100043,-0.7708381,1.14902,0.4936206,-0.7560457,1.144973,0.4767141,-0.7552282,1.180348,0.5038463,-0.760188,1.163473,0.4812576,-0.7515277,1.161973,0.4634507,-0.7596633,1.20071,0.4978248,-0.754346,1.18411,0.4761221,-0.7474537,1.180181,0.4587615,-0.7558395,1.219686,0.4909735,-0.7506694,1.204943,0.476474,-0.7445785,1.199332,0.4645014,-0.7524854,1.21397,0.4962304,-0.7996813,0.03159639,
1529578098019,1.19646,0.4837673,-0.8272776,1.166967,0.488471,-0.8034456,1.150408,0.4892477,-0.7847483,1.164748,0.509014,-0.7704718,1.148792,0.4926203,-0.755537,1.144552,0.4757493,-0.7545781,1.179869,0.5031432,-0.7597466,1.16281,0.4808217,-0.7508578,1.161214,0.4630003,-0.7588799,1.200328,0.4971167,-0.7538599,1.183444,0.4756314,-0.7463878,1.179181,0.4582225,-0.7543465,1.219414,0.4901933,-0.7503274,1.204657,0.4757934,-0.7439608,1.198926,0.4637556,-0.7516692,1.213745,0.4957558,-0.7995716,0.03356702,
1529578098046,1.196519,0.4846383,-0.8288876,1.166991,0.4896865,-0.8051984,1.150331,0.4906597,-0.7865709,1.165265,0.5093309,-0.7714279,1.149155,0.493147,-0.7560701,1.144188,0.4764383,-0.7543957,1.180223,0.503706,-0.7605917,1.162587,0.4818426,-0.7509207,1.160116,0.4638091,-0.7582432,1.200678,0.4975102,-0.7547995,1.183306,0.4764491,-0.7465402,1.178378,0.4589633,-0.7538354,1.219812,0.4903491,-0.7514625,1.204863,0.4762281,-0.74457,1.198693,0.4640928,-0.7517776,1.214016,0.4959904,-0.8008809,0.03571017,
1529578098072,1.196433,0.4833317,-0.8286712,1.167101,0.4888992,-0.8048174,1.150294,0.4904995,-0.7863314,1.165562,0.5097473,-0.7719181,1.149518,0.4938401,-0.7563704,1.144724,0.4771027,-0.7546389,1.180493,0.5042682,-0.761129,1.162878,0.4826455,-0.7512474,1.160604,0.4645226,-0.7584172,1.200942,0.498133,-0.7552415,1.183509,0.4773482,-0.7466531,1.178626,0.4597364,-0.7536863,1.220029,0.4909357,-0.7518294,1.205002,0.477059,-0.744743,1.19887,0.46479,-0.7517688,1.214096,0.4954793,-0.8012305,0.03485568,
1529578098110,1.196112,0.4820319,-0.8286239,1.166846,0.4881303,-0.8048147,1.150025,0.4902015,-0.7863792,1.164488,0.5112286,-0.7737838,1.14806,0.4959118,-0.7584157,1.14365,0.4791232,-0.7568821,1.179341,0.5056306,-0.7627631,1.161793,0.4842404,-0.7532758,1.160357,0.4661375,-0.760668,1.199668,0.4996292,-0.7562466,1.182142,0.4791925,-0.7477697,1.177876,0.4615856,-0.755016,1.218576,0.4923794,-0.752341,1.20342,0.4788149,-0.7455323,1.197814,0.4664921,-0.7528503,1.213425,0.4953331,-0.8017612,0.03214735,
1529578098139,1.196553,0.4801381,-0.8285029,1.167466,0.485278,-0.804297,1.151131,0.4866512,-0.7853771,1.162959,0.5108514,-0.7757231,1.146455,0.4956811,-0.7605246,1.142639,0.4787982,-0.7589924,1.177888,0.5055267,-0.7642597,1.160783,0.4839343,-0.7548704,1.160162,0.465767,-0.7621945,1.198145,0.5000878,-0.7572409,1.180928,0.4794548,-0.7488198,1.177339,0.461657,-0.7559404,1.217074,0.4932195,-0.7528518,1.202141,0.4794056,-0.7463609,1.197132,0.466858,-0.7537898,1.212908,0.4950022,-0.8022336,0.02880886,
1529578098166,1.196454,0.4789658,-0.8276348,1.167729,0.4831499,-0.8028768,1.152032,0.4837435,-0.7834089,1.162042,0.5100877,-0.7754273,1.14545,0.4950618,-0.7602457,1.141762,0.4781775,-0.7586617,1.177106,0.5046366,-0.7638738,1.160125,0.482863,-0.754465,1.159534,0.4646037,-0.761645,1.19733,0.4993519,-0.7568454,1.180381,0.4784791,-0.7487199,1.17723,0.4606922,-0.7560575,1.216274,0.492559,-0.7524551,1.201566,0.4784212,-0.7464609,1.19699,0.4658809,-0.7542323,1.212288,0.4943981,-0.8017116,0.02736561,
1529578098193,1.196313,0.478018,-0.8275515,1.167904,0.4812557,-0.8023344,1.15271,0.4810759,-0.7824755,1.162064,0.5089488,-0.7749301,1.145467,0.4938553,-0.7598254,1.141754,0.47697,-0.7583767,1.177294,0.5029982,-0.7636619,1.160565,0.4808415,-0.7547489,1.16011,0.4627088,-0.7623346,1.19749,0.4976926,-0.7568316,1.180791,0.4764959,-0.7493209,1.17796,0.4588861,-0.7572046,1.216411,0.4908236,-0.7526752,1.20189,0.4763683,-0.7473373,1.197652,0.4640367,-0.7556537,1.212234,0.4934936,-0.8016268,0.02678873,
1529578098219,1.19601,0.4779644,-0.8274127,1.167835,0.4810645,-0.8019297,1.152959,0.4806765,-0.7818523,1.162028,0.5085663,-0.7745579,1.145478,0.4932949,-0.7595776,1.1418,0.4763949,-0.7583098,1.17733,0.5024998,-0.7633809,1.160552,0.4802374,-0.7545325,1.159891,0.4621187,-0.7621586,1.197523,0.497103,-0.756677,1.180833,0.4758288,-0.7493174,1.177956,0.4583124,-0.7573713,1.216417,0.4901913,-0.7526271,1.201876,0.475709,-0.7473599,1.197606,0.4634849,-0.7557835,1.212048,0.4932369,-0.8015082,0.02640264,
1529578098245,1.195062,0.477551,-0.8268602,1.167257,0.4800536,-0.8009466,1.152883,0.4792341,-0.7805247,1.161267,0.5080944,-0.7739429,1.144999,0.4925434,-0.7589185,1.141545,0.4755903,-0.7576361,1.176809,0.5021275,-0.7629099,1.160404,0.4795361,-0.7540197,1.159835,0.4613838,-0.7616407,1.197058,0.496943,-0.7564253,1.180777,0.4753576,-0.7492058,1.178206,0.4578617,-0.7574301,1.216018,0.4902438,-0.752507,1.201721,0.47551,-0.7473475,1.197571,0.4632554,-0.7558429,1.211183,0.4932631,-0.8012085,0.02580109,
1529578098274,1.194911,0.4757327,-0.8256875,1.167234,0.4775241,-0.7995253,1.152772,0.4764818,-0.7791637,1.161095,0.5052811,-0.7726068,1.145363,0.489021,-0.7573729,1.141957,0.4720248,-0.755698,1.176885,0.5000221,-0.7615354,1.160876,0.4770147,-0.7520347,1.160039,0.4587111,-0.7592304,1.197263,0.4951779,-0.7554094,1.1815,0.4730853,-0.7479419,1.178883,0.4554327,-0.7559118,1.216404,0.4889318,-0.7516215,1.202377,0.4737743,-0.7460486,1.197902,0.4613361,-0.7541198,1.210913,0.4919603,-0.8002851,0.02621948,
1529578098651,1.195773,0.4857443,-0.8271813,1.167725,0.4899627,-0.8017473,1.153365,0.4903603,-0.7813536,1.163635,0.5185539,-0.7755645,1.148173,0.502463,-0.7605771,1.145789,0.4853429,-0.759585,1.179605,0.5125427,-0.7650642,1.164989,0.4891694,-0.7574009,1.166498,0.4717684,-0.7664515,1.199864,0.5079082,-0.7583351,1.184664,0.4857823,-0.7516532,1.183115,0.468594,-0.7607129,1.218457,0.5018619,-0.7540716,1.204594,0.487058,-0.7491627,1.201283,0.4750453,-0.7582412,1.212852,0.5027899,-0.8022622,0.02358907,
1529578098756,1.141537,0.4996561,-0.8474827,1.111357,0.5035217,-0.8243058,1.094828,0.5035962,-0.8057421,1.11062,0.5326138,-0.7952689,1.09402,0.516013,-0.784284,1.09323,0.4990263,-0.7866604,1.126714,0.5227331,-0.7863334,1.113208,0.4987929,-0.7852085,1.118353,0.4841676,-0.7974247,1.146172,0.5164891,-0.7788386,1.132124,0.4945643,-0.7788563,1.134698,0.4810079,-0.7925291,1.163507,0.509564,-0.7739011,1.149846,0.4953055,-0.7735069,1.149993,0.4857644,-0.7855141,1.159968,0.5147896,-0.8204801,0.01968622,
1529578098819,1.109276,0.5040891,-0.852193,1.077884,0.5058854,-0.8302931,1.060432,0.5048893,-0.8128209,1.07603,0.5417707,-0.803352,1.058285,0.5264956,-0.7941755,1.058635,0.5095599,-0.7966167,1.093095,0.5290121,-0.794291,1.082357,0.5054631,-0.7965515,1.091669,0.4943219,-0.8097367,1.111681,0.5225433,-0.7858243,1.100305,0.5014376,-0.789548,1.107555,0.4918426,-0.8045567,1.127895,0.5158397,-0.7798238,1.115888,0.5018893,-0.7821578,1.120503,0.4942014,-0.7944362,1.126725,0.5212013,-0.825126,0.01695945,
1529578098845,1.089314,0.505356,-0.85426,1.057533,0.5062464,-0.832841,1.039829,0.5047541,-0.8157505,1.05483,0.5447245,-0.8066269,1.036518,0.5302255,-0.7978516,1.036861,0.5132663,-0.8000222,1.072098,0.5310134,-0.7972558,1.061976,0.5076748,-0.8001224,1.072262,0.4974654,-0.813223,1.090433,0.524534,-0.788414,1.079646,0.5036667,-0.7927714,1.087934,0.494968,-0.8076886,1.10645,0.5178027,-0.7820295,1.094853,0.5039345,-0.7849268,1.10032,0.4967963,-0.7971475,1.106196,0.5232594,-0.8271448,0.01812853,
1529578098872,1.079436,0.5060527,-0.8552173,1.047597,0.5062933,-0.8338643,1.029926,0.5043805,-0.8168296,1.044273,0.5459774,-0.8080332,1.025764,0.5317763,-0.7995077,1.0261,0.514806,-0.8016739,1.061487,0.5319498,-0.7984628,1.051399,0.5087234,-0.8014949,1.061905,0.4987036,-0.8145271,1.079727,0.5254273,-0.7894346,1.068983,0.5046717,-0.7939306,1.077502,0.4961508,-0.8087819,1.095695,0.5186198,-0.7829599,1.084169,0.5048153,-0.7860324,1.089847,0.4977958,-0.7982234,1.095883,0.5242341,-0.8280996,0.01878894,
1529578098898,1.070299,0.507681,-0.8562258,1.038505,0.5072757,-0.8348085,1.020939,0.5049098,-0.817744,1.034759,0.5471879,-0.8087903,1.016258,0.5329067,-0.800476,1.016632,0.515947,-0.802814,1.051926,0.5331595,-0.799203,1.041675,0.5099175,-0.8023358,1.052044,0.4998292,-0.8154063,1.070193,0.5265779,-0.7901886,1.05932,0.5058061,-0.7947562,1.067704,0.4972438,-0.8096474,1.086205,0.5197076,-0.7838115,1.074635,0.5058998,-0.7869741,1.080233,0.4989009,-0.7992187,1.086529,0.5257745,-0.8289471,0.01905973,
1529578098937,1.051212,0.5098121,-0.8586292,1.01916,0.5095026,-0.8376074,1.001497,0.5070658,-0.8206699,1.015131,0.5493714,-0.8114561,0.9963077,0.5353472,-0.8033827,0.9963583,0.5183844,-0.8058128,1.031562,0.5355915,-0.8012407,1.019989,0.5124398,-0.8038341,1.029401,0.5010266,-0.8165914,1.049738,0.5286851,-0.7919111,1.03774,0.5079174,-0.7959044,1.045199,0.4981172,-0.8105608,1.065719,0.5214807,-0.7855126,1.053508,0.5078325,-0.7884097,1.058463,0.5001231,-0.8005329,1.067055,0.5275567,-0.8309809,0.01937138,
1529578098965,1.042785,0.5110397,-0.8591934,1.010477,0.5108576,-0.838577,0.9926586,0.5083575,-0.8218037,1.006275,0.5498197,-0.8119836,0.9873292,0.5356164,-0.8043478,0.9872745,0.5186893,-0.8070863,1.022295,0.5360752,-0.801705,1.010405,0.5130259,-0.8046654,1.019729,0.5014848,-0.8173848,1.040289,0.5288985,-0.7921726,1.028032,0.5082337,-0.7965005,1.035424,0.4983262,-0.8111398,1.056133,0.5214775,-0.7856394,1.043747,0.5079439,-0.7888205,1.048636,0.5001929,-0.8009557,1.058261,0.5281038,-0.8310532,0.01877053,
1529578098992,1.025492,0.5131184,-0.859964,0.9929535,0.5131742,-0.8397371,0.9750457,0.5106422,-0.8230481,0.9884558,0.5509251,-0.812775,0.9694319,0.5364404,-0.8054726,0.9692293,0.5195457,-0.8084713,1.003996,0.5374723,-0.8023633,0.9915949,0.5144346,-0.805464,1.000557,0.5024436,-0.8180539,1.021843,0.5300882,-0.7926058,1.009175,0.5094198,-0.7970549,1.016253,0.4991133,-0.8116036,1.037638,0.5224445,-0.7858762,1.024971,0.5089815,-0.7892114,1.029483,0.5011553,-0.8014586,1.040554,0.5295403,-0.8313637,0.01804395,
1529578099018,1.014306,0.5142343,-0.8605691,0.9815915,0.5145243,-0.8406736,0.9636511,0.5119572,-0.8239939,0.9764732,0.5507493,-0.8135359,0.9575273,0.5357998,-0.806488,0.957287,0.5189278,-0.8097044,0.9915274,0.5379365,-0.8028592,0.978591,0.5148609,-0.8058541,0.9870661,0.5022733,-0.8182435,1.009299,0.530514,-0.7928334,0.9961986,0.5097696,-0.7971385,1.00284,0.4989018,-0.8115214,1.025156,0.522734,-0.7858887,1.012207,0.5092679,-0.7891879,1.016206,0.5013187,-0.8015487,1.028801,0.5300674,-0.8315699,0.01712546,
1529578099045,0.9972982,0.5151891,-0.8603456,0.9643828,0.5164697,-0.8408768,0.9463185,0.5144197,-0.8242135,0.9582908,0.5513507,-0.8147105,0.9393643,0.5361142,-0.8076639,0.9390199,0.5192152,-0.810792,0.9727059,0.5393429,-0.8033845,0.9592432,0.5162461,-0.80595,0.9672265,0.5029816,-0.8179972,0.9901817,0.5321231,-0.7928528,0.9766292,0.5112761,-0.7967054,0.9829424,0.4995596,-0.8105977,1.006014,0.5242987,-0.7853342,0.9927526,0.510787,-0.7884099,0.9962626,0.5024333,-0.8006703,1.010876,0.5308396,-0.8312917,0.01601258,
1529578099072,0.9861449,0.516346,-0.8601432,0.9532186,0.5174431,-0.8407041,0.9351807,0.5152283,-0.8240126,0.9462867,0.5517676,-0.8150693,0.9275455,0.536104,-0.8082434,0.927382,0.5192405,-0.8115593,0.9604216,0.54022,-0.8035358,0.9468365,0.5170486,-0.8061304,0.9546653,0.503614,-0.8181006,0.9777726,0.5331208,-0.792788,0.9640639,0.5121748,-0.7966022,0.9702194,0.5001758,-0.8103299,0.9936312,0.5252938,-0.7850337,0.9802456,0.5117041,-0.7880974,0.9834865,0.5032535,-0.8003663,0.9990913,0.5319911,-0.8311186,0.0152317,
1529578099099,0.9762754,0.5164379,-0.859663,0.9434143,0.5173815,-0.8401687,0.9255494,0.5148485,-0.8233154,0.9358922,0.5505085,-0.8143962,0.9172851,0.534438,-0.8078041,0.9171109,0.5176684,-0.8115226,0.949495,0.5395851,-0.8025005,0.9349392,0.516582,-0.8047645,0.9416208,0.5025046,-0.8167608,0.966736,0.5324122,-0.791702,0.9519269,0.511522,-0.7949584,0.9567456,0.4985633,-0.8084114,0.9827983,0.524228,-0.783857,0.9687885,0.5107353,-0.7864782,0.9708363,0.5020183,-0.7988451,0.988727,0.5314057,-0.8303881,0.01477258,
1529578099137,0.9554198,0.5147686,-0.8577213,0.9227591,0.5169331,-0.838177,0.9051864,0.5147732,-0.8208839,0.9149284,0.5470163,-0.8121755,0.8963488,0.5304461,-0.8052492,0.8955694,0.5137049,-0.809006,0.9277987,0.5373096,-0.7996576,0.9116423,0.5145422,-0.8007038,0.9162409,0.4993514,-0.8123548,0.9450947,0.5300351,-0.7886549,0.9286277,0.5092495,-0.7904392,0.9309152,0.4950466,-0.8033759,0.9613175,0.521572,-0.7808281,0.9464277,0.5081823,-0.7823498,0.9465873,0.4988962,-0.7945162,0.9675124,0.5285634,-0.8281676,0.01532031,
1529578099166,0.9483287,0.5144677,-0.8573098,0.9158542,0.5164046,-0.8375137,0.8984792,0.5140052,-0.8200095,0.9072691,0.5452138,-0.811448,0.8887387,0.5282792,-0.8041434,0.8875952,0.5115985,-0.8078308,0.9198442,0.5363272,-0.7985971,0.9029669,0.5136575,-0.7987698,0.9064127,0.4979218,-0.8101122,0.9373332,0.5291421,-0.787597,0.920117,0.508324,-0.7883326,0.9209642,0.4934645,-0.8007404,0.9538404,0.5206783,-0.779835,0.9385839,0.5071926,-0.7805005,0.9376239,0.4975707,-0.7923713,0.9600376,0.5279033,-0.8277089,0.01650979,
1529578099192,0.9312048,0.5148519,-0.8572811,0.8986946,0.5170306,-0.837623,0.8808593,0.5146926,-0.820437,0.8896983,0.5412749,-0.8094133,0.8710551,0.5238004,-0.802029,0.8690971,0.5072996,-0.8059559,0.9020367,0.5326937,-0.7966094,0.8839483,0.5100089,-0.7962378,0.885533,0.4939824,-0.8074346,0.919826,0.5250577,-0.7861824,0.9018097,0.5040217,-0.7865358,0.9007838,0.4887932,-0.7986265,0.936652,0.5164661,-0.778757,0.9208444,0.5027418,-0.7787375,0.9182842,0.4930065,-0.790254,0.9426003,0.5259462,-0.8269,0.02006757,
1529578099218,0.9211285,0.5150927,-0.8568276,0.8882419,0.5178452,-0.8378654,0.8697114,0.5159254,-0.8213021,0.8792385,0.5377497,-0.8072723,0.860653,0.5198654,-0.7997831,0.8582746,0.5034835,-0.803823,0.891493,0.5294062,-0.7944964,0.8727421,0.5066556,-0.7936136,0.8732041,0.4905201,-0.8045936,0.9095783,0.5215639,-0.7845242,0.8912359,0.5002613,-0.7845689,0.8891488,0.484864,-0.7963636,0.926713,0.5130534,-0.7773192,0.9107128,0.4990589,-0.7767204,0.9072114,0.489222,-0.7878739,0.9323723,0.524071,-0.8255566,0.0243129,
1529578099245,0.9053346,0.5149657,-0.8554906,0.8719431,0.5182592,-0.8375434,0.852641,0.516699,-0.8217678,0.8630764,0.5341569,-0.8041337,0.8443667,0.5161858,-0.7965754,0.8414273,0.4999197,-0.8007374,0.875186,0.5257728,-0.7913259,0.8555988,0.5032175,-0.789878,0.8547844,0.4870162,-0.8006201,0.8934575,0.5175654,-0.7817872,0.8745358,0.496225,-0.7813998,0.8714167,0.4808544,-0.7928766,0.9108357,0.5090088,-0.7747551,0.8945534,0.4949536,-0.7734382,0.8901228,0.4850605,-0.7841471,0.9164457,0.5218173,-0.8232138,0.02914738,
1529578099272,0.8964257,0.5138584,-0.854722,0.8626904,0.5182019,-0.837622,0.8429427,0.5173767,-0.8223575,0.8537931,0.5331364,-0.8031973,0.834556,0.5157262,-0.7950771,0.8308182,0.4994498,-0.7986306,0.8657119,0.524793,-0.7900862,0.8453144,0.5026476,-0.7877265,0.8434304,0.4860875,-0.7977583,0.8839392,0.5162964,-0.7806587,0.8647919,0.4950966,-0.7800553,0.8615241,0.4796667,-0.7913553,0.9012711,0.5077044,-0.7734298,0.8848216,0.4937649,-0.7718351,0.880114,0.4837157,-0.7822883,0.9073079,0.5201217,-0.82201,0.03211454,
1529578099298,0.8867617,0.5098932,-0.853412,0.852832,0.5164221,-0.8373412,0.8329147,0.517289,-0.8223785,0.8436344,0.5357587,-0.8054365,0.8234121,0.5198988,-0.7963334,0.8185939,0.5034153,-0.7980615,0.8549955,0.5282296,-0.7913103,0.8332797,0.5071304,-0.7872108,0.8300683,0.4894978,-0.7950729,0.8727967,0.5195857,-0.7811603,0.8534831,0.4987165,-0.780197,0.8506837,0.4825049,-0.790631,0.8894083,0.51135,-0.772751,0.8726138,0.4979318,-0.7713168,0.8683069,0.4870578,-0.781261,0.8971247,0.5191823,-0.8214352,0.03144645,
1529578099336,0.8669676,0.5054877,-0.8501883,0.8335519,0.5115944,-0.8327218,0.8138752,0.5132523,-0.8174337,0.8236799,0.5431752,-0.8114653,0.802472,0.5293406,-0.8024158,0.7977277,0.5126349,-0.8024832,0.8347715,0.5358624,-0.796369,0.8137264,0.5149859,-0.7926528,0.8125942,0.4965535,-0.7995688,0.8519679,0.5272357,-0.7853152,0.8358614,0.5061219,-0.7866952,0.8390396,0.4903516,-0.7978886,0.8672539,0.5198687,-0.77532,0.8527483,0.5064656,-0.7770131,0.8545021,0.4960355,-0.7881823,0.8768352,0.5212898,-0.8219231,0.02201451,
1529578099365,0.8576108,0.499304,-0.8461763,0.8250071,0.5054507,-0.8271716,0.8065795,0.5074369,-0.8106294,0.8154542,0.5427262,-0.8125877,0.7946969,0.5294363,-0.8026583,0.7909852,0.5125225,-0.80122,0.8274647,0.5357053,-0.797637,0.8116915,0.5141763,-0.7949369,0.818796,0.4980839,-0.8030782,0.8451629,0.5281317,-0.7861824,0.8325896,0.5066723,-0.7875336,0.8402661,0.4925049,-0.798569,0.8600402,0.5221798,-0.776251,0.8474063,0.5079361,-0.7781212,0.8522008,0.4969998,-0.7878944,0.8683401,0.5197698,-0.8215169,0.0189098,
1529578099392,0.8425934,0.4935021,-0.8420358,0.8104918,0.4987839,-0.8218917,0.793049,0.500679,-0.8044733,0.7993598,0.5394382,-0.8135226,0.7793856,0.525822,-0.802709,0.7766734,0.5088355,-0.7996408,0.812278,0.5335479,-0.79848,0.800459,0.5118835,-0.7953188,0.8115732,0.497405,-0.8029216,0.8306063,0.5276116,-0.7866033,0.8206016,0.5053978,-0.7871113,0.8306814,0.4925762,-0.7975866,0.8455335,0.5231539,-0.7764349,0.8346214,0.5077445,-0.7778385,0.8410956,0.4969198,-0.7867967,0.8528943,0.5176769,-0.8204954,0.01892199,
