time,thumb1x,thumb1y,thumb1z,thumb2x,thumb2y,thumb2z,thumb3x,thumb3y,thumb3z,index1x,index1y,index1z,index2x,index2y,index2z,index3x,index3y,index3z,middle1x,middle1y,middle1z,middle2x,middle2y,middle2z,middle3x,middle3y,middle3z,ring1x,ring1y,ring1z,ring2x,ring2y,ring2z,ring3x,ring3y,ring3z,pinky1x,pinky1y,pinky1z,pinky2x,pinky2y,pinky2z,pinky3x,pinky3y,pinky3z,palmx,palmy,palmz,pinch,
1528811929240,0.6980674,0.4801428,-0.6636621,0.7004411,0.4967009,-0.6280981,0.6979232,0.5053729,-0.6033236,0.7005359,0.4541883,-0.5898502,0.6862729,0.4635311,-0.5682282,0.671899,0.4743761,-0.5684608,0.6800529,0.4473607,-0.6025177,0.661653,0.4673759,-0.6039662,0.6598147,0.4738538,-0.6233106,0.6684169,0.4330106,-0.6144983,0.6534741,0.4537259,-0.6187856,0.6550149,0.4601512,-0.6376789,0.6583482,0.4207487,-0.6241699,0.6490036,0.4381517,-0.6247852,0.6510122,0.4436141,-0.639509,0.6888898,0.442064,-0.6497736,0.0534179,
1528811929266,0.6937238,0.4807214,-0.6649868,0.6948223,0.4981191,-0.6297636,0.6913741,0.5075009,-0.6053673,0.6910993,0.4563408,-0.5910722,0.6751575,0.4672034,-0.5724928,0.6618462,0.4781658,-0.5768297,0.6716488,0.449958,-0.6059271,0.6544355,0.4705167,-0.6107758,0.6550445,0.4755863,-0.6305434,0.660549,0.4355366,-0.6175869,0.6471682,0.4562786,-0.6244298,0.6507754,0.4610044,-0.6435473,0.6506003,0.4232937,-0.6271624,0.6421985,0.4408554,-0.6294885,0.6456481,0.4450483,-0.6443372,0.6828386,0.4429803,-0.6508766,0.05046627,
1528811929294,0.6882794,0.4865837,-0.660763,0.6887727,0.5042873,-0.6256903,0.6848653,0.513852,-0.6014271,0.6822605,0.4622375,-0.5873148,0.6648483,0.4732945,-0.5711632,0.6524843,0.4838712,-0.5781749,0.664179,0.4558653,-0.6036536,0.647496,0.4763108,-0.6106964,0.6496075,0.4807575,-0.6305655,0.6538365,0.4412235,-0.6148021,0.6409552,0.4612239,-0.6230289,0.6453462,0.4645439,-0.6423821,0.6442545,0.4288169,-0.6244503,0.6359101,0.4460164,-0.6276846,0.6396228,0.4493274,-0.6427513,0.6768835,0.4485921,-0.6468333,0.04988026,
1528811929321,0.6844734,0.4911703,-0.6594461,0.6848458,0.5085988,-0.6242579,0.6806488,0.5177507,-0.5998989,0.6768339,0.4656317,-0.5867084,0.6583919,0.4762082,-0.5716404,0.6465352,0.4864037,-0.5796822,0.6598178,0.459035,-0.6034511,0.6431163,0.4789746,-0.6110901,0.6457947,0.4833933,-0.6310306,0.6500218,0.4441894,-0.6145794,0.6368676,0.4638259,-0.622887,0.6414545,0.4673597,-0.6422481,0.6408674,0.4316703,-0.6245232,0.6322798,0.4485952,-0.627798,0.6362717,0.4520876,-0.6428262,0.6732668,0.4525093,-0.6460835,0.05054785,
1528811929355,0.6802078,0.4956936,-0.6579162,0.6804596,0.5135196,-0.6229279,0.6761525,0.522902,-0.5986803,0.6704779,0.4697744,-0.5851225,0.6513849,0.47978,-0.5700637,0.6397761,0.4896726,-0.578171,0.6540142,0.4631838,-0.6024297,0.6372696,0.4827977,-0.6106779,0.6403666,0.4872537,-0.6306365,0.6447785,0.4481409,-0.6136046,0.6313869,0.4674779,-0.6222911,0.6360294,0.4710572,-0.641712,0.6360137,0.4353842,-0.6237583,0.6273654,0.4520847,-0.6272641,0.6319069,0.4556414,-0.6421735,0.6686838,0.4567262,-0.6445879,0.05336724,
1528811929387,0.6784786,0.4955639,-0.6567847,0.6791401,0.5139173,-0.6221001,0.6746716,0.523506,-0.5980018,0.6652794,0.4715242,-0.5842575,0.6453754,0.4823826,-0.5706266,0.6343497,0.4920445,-0.5796238,0.6499423,0.4643794,-0.601379,0.6330338,0.4839762,-0.6104212,0.6355958,0.4879299,-0.6305835,0.6407409,0.4489354,-0.6123321,0.6275205,0.4682497,-0.6214546,0.6324696,0.4717801,-0.6408402,0.6321554,0.4359578,-0.6224065,0.6236085,0.4525605,-0.6260978,0.6285467,0.4560209,-0.6409165,0.6655308,0.4569179,-0.6430315,0.05434555,
1528811929413,0.6770692,0.4954617,-0.6552269,0.6781105,0.5133076,-0.6203556,0.6730333,0.5222746,-0.5962093,0.6613024,0.4719842,-0.5836525,0.6412287,0.4840631,-0.5713671,0.631078,0.4939705,-0.5811446,0.6465592,0.4648631,-0.6002116,0.6301761,0.4851133,-0.6091058,0.6326007,0.4891323,-0.6292692,0.6368771,0.4497211,-0.6113378,0.6242242,0.4696372,-0.6201738,0.6292882,0.4734313,-0.6394704,0.6279806,0.4370895,-0.6216166,0.6198636,0.4540268,-0.6249933,0.6248741,0.4576831,-0.6397302,0.6623046,0.4571877,-0.6419076,0.05280452,
1528811929440,0.672527,0.4976866,-0.6547663,0.6731641,0.5151377,-0.6197769,0.6669699,0.5233643,-0.5957071,0.6557487,0.4741505,-0.5841287,0.6354173,0.4869569,-0.5731394,0.6259027,0.4968272,-0.5836502,0.6415637,0.4666716,-0.6001257,0.6254038,0.4871439,-0.6089021,0.6279321,0.4912589,-0.6290224,0.6317563,0.4517022,-0.6113659,0.6192541,0.4718685,-0.6199635,0.624342,0.4759067,-0.6391971,0.6228252,0.4392779,-0.6217648,0.6147211,0.4563166,-0.6249341,0.6194805,0.4600546,-0.6397208,0.6573535,0.4592755,-0.6418215,0.05035976,
1528811929467,0.6681204,0.5002174,-0.6543745,0.6688728,0.5169782,-0.6191119,0.6622798,0.5244763,-0.5949588,0.6519871,0.4757846,-0.5841949,0.6318862,0.4888037,-0.5734009,0.6226344,0.4988245,-0.5841043,0.6377096,0.4684219,-0.5996729,0.6216303,0.4891372,-0.6076841,0.6239968,0.4935244,-0.6277354,0.6275941,0.4537264,-0.6110193,0.6150589,0.4741676,-0.6188514,0.6198341,0.4786065,-0.6380541,0.6184244,0.4415656,-0.621545,0.6103199,0.458722,-0.6240998,0.6147568,0.4627842,-0.6388825,0.6528834,0.4616727,-0.6418893,0.04845203,
1528811929483,0.6641809,0.5011,-0.6542935,0.6643772,0.5176355,-0.6189202,0.6575109,0.5249954,-0.5947757,0.6474506,0.4764267,-0.5847861,0.6271853,0.4896194,-0.5748993,0.618278,0.4995167,-0.5861554,0.6335403,0.4687494,-0.6001879,0.6174994,0.4894603,-0.6082888,0.6201326,0.4939788,-0.6282741,0.623602,0.4540998,-0.6116849,0.6110532,0.4745654,-0.6195247,0.6159874,0.4791434,-0.6386417,0.6145185,0.4419371,-0.622359,0.6064154,0.4591486,-0.6248173,0.6111541,0.4635215,-0.6394184,0.6491212,0.4623786,-0.6422194,0.04756776,
1528811929507,0.6585534,0.5021517,-0.654451,0.6582267,0.5186564,-0.6190546,0.6512181,0.5260617,-0.5949293,0.6412616,0.4780978,-0.5855008,0.6207139,0.4915761,-0.5765461,0.6119834,0.5012383,-0.5882398,0.6277386,0.4698091,-0.6006219,0.6115776,0.4904956,-0.6089119,0.6143396,0.4951934,-0.6288356,0.6180432,0.4550994,-0.6121901,0.6053847,0.4755259,-0.6202563,0.610388,0.4801621,-0.6393402,0.6091431,0.4428325,-0.6228498,0.6008801,0.4600417,-0.6254296,0.6055911,0.4644995,-0.6400127,0.6437331,0.4634629,-0.6424502,0.04690743,
1528811929540,0.6542913,0.5023074,-0.6530498,0.6553406,0.5162543,-0.6166774,0.6485764,0.5216159,-0.5919992,0.6389165,0.4752559,-0.5867605,0.6188645,0.4897746,-0.5791074,0.6112036,0.4993958,-0.5916424,0.6255459,0.466658,-0.5999388,0.6093251,0.487915,-0.6058954,0.6109972,0.4934288,-0.6256752,0.61491,0.4527845,-0.6119523,0.6021925,0.4738475,-0.6176531,0.6063594,0.4797735,-0.6365507,0.6053603,0.4414032,-0.6229534,0.597092,0.4587362,-0.6235954,0.6007801,0.464209,-0.6381305,0.6393302,0.4630377,-0.6430192,0.0434809,
1528811929573,0.6470993,0.5016015,-0.6521626,0.6474673,0.5140405,-0.6154763,0.6390864,0.5174452,-0.5910491,0.6319135,0.4754348,-0.5901598,0.6130608,0.4906525,-0.5894065,0.6100264,0.4971794,-0.6057539,0.6200361,0.4644145,-0.5992723,0.6034297,0.4855242,-0.6042598,0.6045415,0.4913151,-0.6239579,0.6092412,0.4506192,-0.6113393,0.5959378,0.4717892,-0.6159066,0.5993457,0.4785891,-0.6346281,0.5996218,0.4393904,-0.6224434,0.5909768,0.456659,-0.6221875,0.5939786,0.4628759,-0.636592,0.6329942,0.461931,-0.6428696,0.03835901,
1528811929586,0.6446552,0.5008707,-0.6519508,0.6448036,0.5132587,-0.6152779,0.6361552,0.5165482,-0.5909384,0.6293589,0.4750957,-0.5906852,0.6108982,0.4903497,-0.5911309,0.6087409,0.4962029,-0.6079227,0.6176625,0.463776,-0.599184,0.601119,0.4849119,-0.604323,0.6022583,0.4905831,-0.6240523,0.6068353,0.4499905,-0.6112229,0.5936069,0.4712046,-0.6159027,0.5970725,0.4779259,-0.6346323,0.5971839,0.4387695,-0.6222818,0.5885984,0.4560714,-0.6220999,0.5916432,0.4622349,-0.6365181,0.6305825,0.4612123,-0.6426617,0.03813049,
1528811929613,0.6389428,0.5001214,-0.6496893,0.6388648,0.5120341,-0.6129446,0.6296375,0.5148457,-0.5887977,0.6235827,0.4745735,-0.5895709,0.6057376,0.4901155,-0.5912569,0.6046199,0.4953435,-0.6083657,0.6119128,0.4629025,-0.5967978,0.5955946,0.4842835,-0.6013446,0.5966516,0.4902712,-0.6209817,0.6008245,0.4494395,-0.6090468,0.5878175,0.4708658,-0.6133596,0.5912064,0.4777557,-0.6320379,0.5909562,0.4384352,-0.6201521,0.5825883,0.4558203,-0.6196922,0.5855875,0.4621142,-0.6340714,0.6245673,0.4605942,-0.64065,0.03727099,
1528811929628,0.6356701,0.4968612,-0.650385,0.6351483,0.5086514,-0.6136204,0.6255031,0.5114037,-0.5896431,0.6200557,0.471506,-0.5910796,0.6025201,0.4874171,-0.5935375,0.6018612,0.4925,-0.6107425,0.6083467,0.459749,-0.5977799,0.5923454,0.4814213,-0.6023156,0.5935896,0.4876183,-0.6218988,0.5971487,0.4465538,-0.610158,0.5844848,0.4681942,-0.6145704,0.588037,0.4750569,-0.6332418,0.5871444,0.4357105,-0.6212659,0.5790494,0.4532214,-0.620866,0.5821944,0.4594922,-0.6352449,0.6210799,0.4574432,-0.6415471,0.03689815,
1528811929653,0.6302717,0.4934147,-0.6511368,0.6292235,0.5055833,-0.614521,0.6191412,0.5085849,-0.5907648,0.6142336,0.4691293,-0.5922136,0.5969754,0.4852813,-0.5956156,0.5969067,0.4900562,-0.6129119,0.6025448,0.457332,-0.5985836,0.5869312,0.479129,-0.6038508,0.5886728,0.4849767,-0.6235079,0.5913577,0.4440832,-0.6107152,0.5790352,0.4657588,-0.6157185,0.5829125,0.4721238,-0.6344897,0.5813029,0.4331765,-0.6216699,0.5734074,0.4508104,-0.6216738,0.5767454,0.4567866,-0.6361271,0.6155155,0.4542657,-0.6419272,0.03644422,
1528811929679,0.6302717,0.4934147,-0.6511368,0.6292235,0.5055833,-0.614521,0.6191412,0.5085849,-0.5907648,0.6142336,0.4691293,-0.5922136,0.5969754,0.4852813,-0.5956156,0.5969067,0.4900562,-0.6129119,0.6025448,0.457332,-0.5985836,0.5869312,0.479129,-0.6038508,0.5886728,0.4849767,-0.6235079,0.5913577,0.4440832,-0.6107152,0.5790352,0.4657588,-0.6157185,0.5829125,0.4721238,-0.6344897,0.5813029,0.4331765,-0.6216699,0.5734074,0.4508104,-0.6216738,0.5767454,0.4567866,-0.6361271,0.6155155,0.4542657,-0.6419272,0.03644422,
1528811929692,0.6302717,0.4934147,-0.6511368,0.6292235,0.5055833,-0.614521,0.6191412,0.5085849,-0.5907648,0.6142336,0.4691293,-0.5922136,0.5969754,0.4852813,-0.5956156,0.5969067,0.4900562,-0.6129119,0.6025448,0.457332,-0.5985836,0.5869312,0.479129,-0.6038508,0.5886728,0.4849767,-0.6235079,0.5913577,0.4440832,-0.6107152,0.5790352,0.4657588,-0.6157185,0.5829125,0.4721238,-0.6344897,0.5813029,0.4331765,-0.6216699,0.5734074,0.4508104,-0.6216738,0.5767454,0.4567866,-0.6361271,0.6155155,0.4542657,-0.6419272,0.03644422,
1528811929719,0.6302717,0.4934147,-0.6511368,0.6292235,0.5055833,-0.614521,0.6191412,0.5085849,-0.5907648,0.6142336,0.4691293,-0.5922136,0.5969754,0.4852813,-0.5956156,0.5969067,0.4900562,-0.6129119,0.6025448,0.457332,-0.5985836,0.5869312,0.479129,-0.6038508,0.5886728,0.4849767,-0.6235079,0.5913577,0.4440832,-0.6107152,0.5790352,0.4657588,-0.6157185,0.5829125,0.4721238,-0.6344897,0.5813029,0.4331765,-0.6216699,0.5734074,0.4508104,-0.6216738,0.5767454,0.4567866,-0.6361271,0.6155155,0.4542657,-0.6419272,0.03644422,
1528811929739,0.6302717,0.4934147,-0.6511368,0.6292235,0.5055833,-0.614521,0.6191412,0.5085849,-0.5907648,0.6142336,0.4691293,-0.5922136,0.5969754,0.4852813,-0.5956156,0.5969067,0.4900562,-0.6129119,0.6025448,0.457332,-0.5985836,0.5869312,0.479129,-0.6038508,0.5886728,0.4849767,-0.6235079,0.5913577,0.4440832,-0.6107152,0.5790352,0.4657588,-0.6157185,0.5829125,0.4721238,-0.6344897,0.5813029,0.4331765,-0.6216699,0.5734074,0.4508104,-0.6216738,0.5767454,0.4567866,-0.6361271,0.6155155,0.4542657,-0.6419272,0.03644422,
1528811929759,0.6302717,0.4934147,-0.6511368,0.6292235,0.5055833,-0.614521,0.6191412,0.5085849,-0.5907648,0.6142336,0.4691293,-0.5922136,0.5969754,0.4852813,-0.5956156,0.5969067,0.4900562,-0.6129119,0.6025448,0.457332,-0.5985836,0.5869312,0.479129,-0.6038508,0.5886728,0.4849767,-0.6235079,0.5913577,0.4440832,-0.6107152,0.5790352,0.4657588,-0.6157185,0.5829125,0.4721238,-0.6344897,0.5813029,0.4331765,-0.6216699,0.5734074,0.4508104,-0.6216738,0.5767454,0.4567866,-0.6361271,0.6155155,0.4542657,-0.6419272,0.03644422,
1528811929786,0.6302717,0.4934147,-0.6511368,0.6292235,0.5055833,-0.614521,0.6191412,0.5085849,-0.5907648,0.6142336,0.4691293,-0.5922136,0.5969754,0.4852813,-0.5956156,0.5969067,0.4900562,-0.6129119,0.6025448,0.457332,-0.5985836,0.5869312,0.479129,-0.6038508,0.5886728,0.4849767,-0.6235079,0.5913577,0.4440832,-0.6107152,0.5790352,0.4657588,-0.6157185,0.5829125,0.4721238,-0.6344897,0.5813029,0.4331765,-0.6216699,0.5734074,0.4508104,-0.6216738,0.5767454,0.4567866,-0.6361271,0.6155155,0.4542657,-0.6419272,0.03644422,
1528811929799,0.6302717,0.4934147,-0.6511368,0.6292235,0.5055833,-0.614521,0.6191412,0.5085849,-0.5907648,0.6142336,0.4691293,-0.5922136,0.5969754,0.4852813,-0.5956156,0.5969067,0.4900562,-0.6129119,0.6025448,0.457332,-0.5985836,0.5869312,0.479129,-0.6038508,0.5886728,0.4849767,-0.6235079,0.5913577,0.4440832,-0.6107152,0.5790352,0.4657588,-0.6157185,0.5829125,0.4721238,-0.6344897,0.5813029,0.4331765,-0.6216699,0.5734074,0.4508104,-0.6216738,0.5767454,0.4567866,-0.6361271,0.6155155,0.4542657,-0.6419272,0.03644422,
1528811929825,0.6302717,0.4934147,-0.6511368,0.6292235,0.5055833,-0.614521,0.6191412,0.5085849,-0.5907648,0.6142336,0.4691293,-0.5922136,0.5969754,0.4852813,-0.5956156,0.5969067,0.4900562,-0.6129119,0.6025448,0.457332,-0.5985836,0.5869312,0.479129,-0.6038508,0.5886728,0.4849767,-0.6235079,0.5913577,0.4440832,-0.6107152,0.5790352,0.4657588,-0.6157185,0.5829125,0.4721238,-0.6344897,0.5813029,0.4331765,-0.6216699,0.5734074,0.4508104,-0.6216738,0.5767454,0.4567866,-0.6361271,0.6155155,0.4542657,-0.6419272,0.03644422,
1528811929852,0.6302717,0.4934147,-0.6511368,0.6292235,0.5055833,-0.614521,0.6191412,0.5085849,-0.5907648,0.6142336,0.4691293,-0.5922136,0.5969754,0.4852813,-0.5956156,0.5969067,0.4900562,-0.6129119,0.6025448,0.457332,-0.5985836,0.5869312,0.479129,-0.6038508,0.5886728,0.4849767,-0.6235079,0.5913577,0.4440832,-0.6107152,0.5790352,0.4657588,-0.6157185,0.5829125,0.4721238,-0.6344897,0.5813029,0.4331765,-0.6216699,0.5734074,0.4508104,-0.6216738,0.5767454,0.4567866,-0.6361271,0.6155155,0.4542657,-0.6419272,0.03644422,
1528811929865,0.6302717,0.4934147,-0.6511368,0.6292235,0.5055833,-0.614521,0.6191412,0.5085849,-0.5907648,0.6142336,0.4691293,-0.5922136,0.5969754,0.4852813,-0.5956156,0.5969067,0.4900562,-0.6129119,0.6025448,0.457332,-0.5985836,0.5869312,0.479129,-0.6038508,0.5886728,0.4849767,-0.6235079,0.5913577,0.4440832,-0.6107152,0.5790352,0.4657588,-0.6157185,0.5829125,0.4721238,-0.6344897,0.5813029,0.4331765,-0.6216699,0.5734074,0.4508104,-0.6216738,0.5767454,0.4567866,-0.6361271,0.6155155,0.4542657,-0.6419272,0.03644422,
1528811929892,0.6302717,0.4934147,-0.6511368,0.6292235,0.5055833,-0.614521,0.6191412,0.5085849,-0.5907648,0.6142336,0.4691293,-0.5922136,0.5969754,0.4852813,-0.5956156,0.5969067,0.4900562,-0.6129119,0.6025448,0.457332,-0.5985836,0.5869312,0.479129,-0.6038508,0.5886728,0.4849767,-0.6235079,0.5913577,0.4440832,-0.6107152,0.5790352,0.4657588,-0.6157185,0.5829125,0.4721238,-0.6344897,0.5813029,0.4331765,-0.6216699,0.5734074,0.4508104,-0.6216738,0.5767454,0.4567866,-0.6361271,0.6155155,0.4542657,-0.6419272,0.03644422,
1528811929906,0.6302717,0.4934147,-0.6511368,0.6292235,0.5055833,-0.614521,0.6191412,0.5085849,-0.5907648,0.6142336,0.4691293,-0.5922136,0.5969754,0.4852813,-0.5956156,0.5969067,0.4900562,-0.6129119,0.6025448,0.457332,-0.5985836,0.5869312,0.479129,-0.6038508,0.5886728,0.4849767,-0.6235079,0.5913577,0.4440832,-0.6107152,0.5790352,0.4657588,-0.6157185,0.5829125,0.4721238,-0.6344897,0.5813029,0.4331765,-0.6216699,0.5734074,0.4508104,-0.6216738,0.5767454,0.4567866,-0.6361271,0.6155155,0.4542657,-0.6419272,0.03644422,
1528811929939,0.6302717,0.4934147,-0.6511368,0.6292235,0.5055833,-0.614521,0.6191412,0.5085849,-0.5907648,0.6142336,0.4691293,-0.5922136,0.5969754,0.4852813,-0.5956156,0.5969067,0.4900562,-0.6129119,0.6025448,0.457332,-0.5985836,0.5869312,0.479129,-0.6038508,0.5886728,0.4849767,-0.6235079,0.5913577,0.4440832,-0.6107152,0.5790352,0.4657588,-0.6157185,0.5829125,0.4721238,-0.6344897,0.5813029,0.4331765,-0.6216699,0.5734074,0.4508104,-0.6216738,0.5767454,0.4567866,-0.6361271,0.6155155,0.4542657,-0.6419272,0.03644422,
1528811929959,0.6302717,0.4934147,-0.6511368,0.6292235,0.5055833,-0.614521,0.6191412,0.5085849,-0.5907648,0.6142336,0.4691293,-0.5922136,0.5969754,0.4852813,-0.5956156,0.5969067,0.4900562,-0.6129119,0.6025448,0.457332,-0.5985836,0.5869312,0.479129,-0.6038508,0.5886728,0.4849767,-0.6235079,0.5913577,0.4440832,-0.6107152,0.5790352,0.4657588,-0.6157185,0.5829125,0.4721238,-0.6344897,0.5813029,0.4331765,-0.6216699,0.5734074,0.4508104,-0.6216738,0.5767454,0.4567866,-0.6361271,0.6155155,0.4542657,-0.6419272,0.03644422,
1528811929986,0.6302717,0.4934147,-0.6511368,0.6292235,0.5055833,-0.614521,0.6191412,0.5085849,-0.5907648,0.6142336,0.4691293,-0.5922136,0.5969754,0.4852813,-0.5956156,0.5969067,0.4900562,-0.6129119,0.6025448,0.457332,-0.5985836,0.5869312,0.479129,-0.6038508,0.5886728,0.4849767,-0.6235079,0.5913577,0.4440832,-0.6107152,0.5790352,0.4657588,-0.6157185,0.5829125,0.4721238,-0.6344897,0.5813029,0.4331765,-0.6216699,0.5734074,0.4508104,-0.6216738,0.5767454,0.4567866,-0.6361271,0.6155155,0.4542657,-0.6419272,0.03644422,
1528811929999,0.6302717,0.4934147,-0.6511368,0.6292235,0.5055833,-0.614521,0.6191412,0.5085849,-0.5907648,0.6142336,0.4691293,-0.5922136,0.5969754,0.4852813,-0.5956156,0.5969067,0.4900562,-0.6129119,0.6025448,0.457332,-0.5985836,0.5869312,0.479129,-0.6038508,0.5886728,0.4849767,-0.6235079,0.5913577,0.4440832,-0.6107152,0.5790352,0.4657588,-0.6157185,0.5829125,0.4721238,-0.6344897,0.5813029,0.4331765,-0.6216699,0.5734074,0.4508104,-0.6216738,0.5767454,0.4567866,-0.6361271,0.6155155,0.4542657,-0.6419272,0.03644422,
1528811930014,0.6302717,0.4934147,-0.6511368,0.6292235,0.5055833,-0.614521,0.6191412,0.5085849,-0.5907648,0.6142336,0.4691293,-0.5922136,0.5969754,0.4852813,-0.5956156,0.5969067,0.4900562,-0.6129119,0.6025448,0.457332,-0.5985836,0.5869312,0.479129,-0.6038508,0.5886728,0.4849767,-0.6235079,0.5913577,0.4440832,-0.6107152,0.5790352,0.4657588,-0.6157185,0.5829125,0.4721238,-0.6344897,0.5813029,0.4331765,-0.6216699,0.5734074,0.4508104,-0.6216738,0.5767454,0.4567866,-0.6361271,0.6155155,0.4542657,-0.6419272,0.03644422,
1528811930026,0.6302717,0.4934147,-0.6511368,0.6292235,0.5055833,-0.614521,0.6191412,0.5085849,-0.5907648,0.6142336,0.4691293,-0.5922136,0.5969754,0.4852813,-0.5956156,0.5969067,0.4900562,-0.6129119,0.6025448,0.457332,-0.5985836,0.5869312,0.479129,-0.6038508,0.5886728,0.4849767,-0.6235079,0.5913577,0.4440832,-0.6107152,0.5790352,0.4657588,-0.6157185,0.5829125,0.4721238,-0.6344897,0.5813029,0.4331765,-0.6216699,0.5734074,0.4508104,-0.6216738,0.5767454,0.4567866,-0.6361271,0.6155155,0.4542657,-0.6419272,0.03644422,
1528811930052,0.6302717,0.4934147,-0.6511368,0.6292235,0.5055833,-0.614521,0.6191412,0.5085849,-0.5907648,0.6142336,0.4691293,-0.5922136,0.5969754,0.4852813,-0.5956156,0.5969067,0.4900562,-0.6129119,0.6025448,0.457332,-0.5985836,0.5869312,0.479129,-0.6038508,0.5886728,0.4849767,-0.6235079,0.5913577,0.4440832,-0.6107152,0.5790352,0.4657588,-0.6157185,0.5829125,0.4721238,-0.6344897,0.5813029,0.4331765,-0.6216699,0.5734074,0.4508104,-0.6216738,0.5767454,0.4567866,-0.6361271,0.6155155,0.4542657,-0.6419272,0.03644422,
1528811930066,0.6302717,0.4934147,-0.6511368,0.6292235,0.5055833,-0.614521,0.6191412,0.5085849,-0.5907648,0.6142336,0.4691293,-0.5922136,0.5969754,0.4852813,-0.5956156,0.5969067,0.4900562,-0.6129119,0.6025448,0.457332,-0.5985836,0.5869312,0.479129,-0.6038508,0.5886728,0.4849767,-0.6235079,0.5913577,0.4440832,-0.6107152,0.5790352,0.4657588,-0.6157185,0.5829125,0.4721238,-0.6344897,0.5813029,0.4331765,-0.6216699,0.5734074,0.4508104,-0.6216738,0.5767454,0.4567866,-0.6361271,0.6155155,0.4542657,-0.6419272,0.03644422,
1528811930081,0.6302717,0.4934147,-0.6511368,0.6292235,0.5055833,-0.614521,0.6191412,0.5085849,-0.5907648,0.6142336,0.4691293,-0.5922136,0.5969754,0.4852813,-0.5956156,0.5969067,0.4900562,-0.6129119,0.6025448,0.457332,-0.5985836,0.5869312,0.479129,-0.6038508,0.5886728,0.4849767,-0.6235079,0.5913577,0.4440832,-0.6107152,0.5790352,0.4657588,-0.6157185,0.5829125,0.4721238,-0.6344897,0.5813029,0.4331765,-0.6216699,0.5734074,0.4508104,-0.6216738,0.5767454,0.4567866,-0.6361271,0.6155155,0.4542657,-0.6419272,0.03644422,
1528811930107,0.5465214,0.5671629,-0.6743579,0.5289214,0.5849568,-0.6442555,0.5170116,0.5890489,-0.6214685,0.5636257,0.5998477,-0.6081105,0.5435656,0.6077399,-0.5912611,0.5262212,0.6031739,-0.5926003,0.5672888,0.5812302,-0.5979971,0.5435387,0.5908728,-0.5796461,0.5228933,0.5894092,-0.5821938,0.5721531,0.5576228,-0.5950545,0.5511802,0.5659575,-0.5758713,0.5306191,0.566772,-0.5774171,0.5733031,0.5342256,-0.5966811,0.5596039,0.5402822,-0.5796887,0.5436921,0.5438379,-0.5802917,0.5702879,0.5531718,-0.6486542,0.03343206,
1528811930141,0.5453189,0.5799754,-0.6764479,0.5267138,0.6008668,-0.6489581,0.5136852,0.6084087,-0.6276048,0.5613908,0.6158316,-0.6104019,0.5422781,0.6265309,-0.5933607,0.5244886,0.6238532,-0.5933237,0.5645626,0.5974065,-0.5986603,0.5422695,0.6095277,-0.5796168,0.5215201,0.6096978,-0.5809789,0.5685664,0.573618,-0.5944446,0.5489886,0.5839046,-0.5743887,0.528503,0.5861381,-0.5745224,0.5685503,0.5498042,-0.5951843,0.5555568,0.5566951,-0.5778629,0.5397763,0.5609717,-0.5776616,0.5675213,0.5662878,-0.6485203,0.03912082,
1528811930161,0.5424808,0.5892644,-0.6760024,0.5228751,0.6110936,-0.6498869,0.5093459,0.6200521,-0.629377,0.5571707,0.6266954,-0.6102021,0.5377542,0.6370773,-0.5930997,0.5199919,0.6340101,-0.5925767,0.5616015,0.6088523,-0.5979167,0.5395945,0.6210576,-0.5781196,0.5187849,0.6211374,-0.5781904,0.566646,0.5850405,-0.5931045,0.5477666,0.5952797,-0.5715034,0.5274881,0.5974672,-0.5696365,0.5670645,0.560975,-0.5935358,0.554294,0.5673153,-0.5750802,0.5386539,0.5711588,-0.5732833,0.5652259,0.5768023,-0.6474046,0.04077283,
1528811930187,0.5383353,0.5951943,-0.6754587,0.5177239,0.6152459,-0.6487079,0.5042294,0.6227454,-0.6276698,0.5509597,0.6356159,-0.6115366,0.5306699,0.643967,-0.5947052,0.5135106,0.6385862,-0.5944899,0.5571626,0.6183675,-0.5989517,0.5339586,0.628114,-0.5795619,0.5132971,0.6255953,-0.5801193,0.5645531,0.5954427,-0.5937544,0.5447276,0.6039945,-0.5724691,0.5243769,0.6038917,-0.5711342,0.567137,0.5719355,-0.5937296,0.5537674,0.577778,-0.5754824,0.537868,0.5801655,-0.5738256,0.5628102,0.5859506,-0.647671,0.03792068,
1528811930214,0.5358406,0.6015097,-0.6737983,0.5139631,0.6201201,-0.6471672,0.5003794,0.6255811,-0.6257014,0.5456709,0.6439849,-0.6107224,0.5248687,0.6509213,-0.5939713,0.5082594,0.644129,-0.5937921,0.5526861,0.6273264,-0.5979748,0.5283495,0.6349406,-0.5794398,0.5082567,0.6301483,-0.5810753,0.561636,0.6051973,-0.5923163,0.5404225,0.6118459,-0.5724174,0.5202385,0.6093687,-0.5729725,0.5658375,0.5822023,-0.5918412,0.551179,0.5872204,-0.5745947,0.5352454,0.5880094,-0.5747582,0.5610124,0.5946634,-0.6458365,0.03774024,
1528811930241,0.5348542,0.6117429,-0.6692106,0.5120203,0.6289528,-0.6426075,0.4984876,0.6326278,-0.62081,0.5409479,0.6565504,-0.607758,0.5192854,0.6623893,-0.5916413,0.5031309,0.6545745,-0.5917493,0.5486802,0.64087,-0.5943972,0.5235123,0.6474197,-0.5767173,0.5038353,0.6413202,-0.5788935,0.5585898,0.6193334,-0.5878586,0.5364386,0.6248959,-0.5690351,0.5164113,0.6210446,-0.5704817,0.5639048,0.5966933,-0.5866178,0.5482974,0.6010906,-0.5703663,0.5323765,0.6007975,-0.5717508,0.5597994,0.6072641,-0.6409438,0.03671166,
1528811930268,0.5329984,0.6199999,-0.662182,0.5103905,0.6342551,-0.6339829,0.4983451,0.6349342,-0.6110934,0.5371975,0.6671592,-0.6029796,0.5151942,0.6714931,-0.5866125,0.4995466,0.6626561,-0.5862681,0.5458218,0.6522912,-0.5895582,0.5200398,0.6568669,-0.572167,0.5009047,0.6491557,-0.5744153,0.5572526,0.631902,-0.5825937,0.5346823,0.6363508,-0.5636652,0.514888,0.6312785,-0.5646085,0.5641009,0.609721,-0.5807195,0.5482662,0.6133631,-0.5643857,0.5322565,0.6121534,-0.5652557,0.5584897,0.6187247,-0.6351983,0.03723225,
1528811930294,0.532702,0.6337974,-0.6512718,0.5116975,0.6446877,-0.6208339,0.5025344,0.6420343,-0.5968635,0.5352595,0.6829677,-0.5950006,0.512939,0.6846688,-0.5785203,0.4982781,0.6742718,-0.5783056,0.5451694,0.6695838,-0.5817108,0.519096,0.6718086,-0.5646985,0.5007784,0.6622095,-0.5672362,0.5586634,0.6508572,-0.5742301,0.5365206,0.654954,-0.5540091,0.5168962,0.649289,-0.5530174,0.5670512,0.6292542,-0.5717722,0.5519896,0.6328071,-0.5541363,0.5359776,0.6311879,-0.5527326,0.5587913,0.6359305,-0.6262607,0.03744023,
1528811930321,0.5344031,0.6433674,-0.6429541,0.5141603,0.6549741,-0.6121401,0.5056525,0.6537279,-0.5877519,0.5375378,0.6954594,-0.5901984,0.515164,0.6968652,-0.5731624,0.5004971,0.6863735,-0.5714743,0.5483928,0.6833742,-0.5765792,0.5224275,0.6856464,-0.5587987,0.5040331,0.6757542,-0.5597422,0.5630594,0.6658154,-0.568371,0.5419859,0.6714953,-0.546236,0.5224425,0.6669937,-0.5416712,0.5720607,0.6444753,-0.5649906,0.5580773,0.6489271,-0.5461356,0.5423363,0.6478597,-0.5418852,0.5614549,0.6480502,-0.619499,0.03684122,
1528811930355,0.535293,0.6666263,-0.6325942,0.5157136,0.6786101,-0.6012993,0.5077336,0.6784747,-0.5766926,0.5389535,0.720027,-0.5814086,0.5172369,0.7208229,-0.5633296,0.5030391,0.7099288,-0.5607767,0.5511001,0.7089467,-0.5678467,0.5260916,0.7109592,-0.5485472,0.5078325,0.7007565,-0.5480399,0.5670247,0.6924999,-0.5599296,0.5481195,0.6997083,-0.5354307,0.5295177,0.6967887,-0.5270281,0.5766574,0.6713277,-0.5564613,0.5642239,0.6763112,-0.5363355,0.5492854,0.675712,-0.5294483,0.563263,0.6730439,-0.6106514,0.03556288,
1528811930374,0.5347996,0.6853789,-0.6268235,0.515171,0.6982436,-0.5958488,0.507054,0.6991946,-0.5712613,0.5381492,0.740384,-0.5771362,0.5167172,0.7416394,-0.5586998,0.5026914,0.7307426,-0.5555864,0.5507119,0.7299535,-0.5633016,0.5261151,0.7323863,-0.543633,0.5079713,0.722013,-0.5425324,0.5670956,0.714054,-0.5551025,0.5489728,0.7223095,-0.5301927,0.5307629,0.7199075,-0.5208982,0.577037,0.6929685,-0.5510905,0.5652222,0.6985182,-0.530689,0.5505553,0.6980456,-0.5233195,0.5628196,0.6927669,-0.6052397,0.03549665,
1528811930400,0.5331433,0.7043023,-0.6168695,0.5140574,0.7192209,-0.5864,0.5062241,0.7219926,-0.5618678,0.5379035,0.7615694,-0.5697783,0.5170725,0.7643259,-0.5504099,0.5028828,0.7542542,-0.545579,0.5511761,0.7519474,-0.5557308,0.5274889,0.7562557,-0.5345782,0.509136,0.7468677,-0.5312177,0.5674852,0.7360992,-0.5473522,0.5501637,0.745479,-0.5221239,0.5324076,0.7438082,-0.5117357,0.5776011,0.7152088,-0.5426477,0.5663927,0.7215241,-0.5220156,0.5521184,0.7214712,-0.5138628,0.5618357,0.7126161,-0.5963564,0.03629464,
1528811930427,0.5292027,0.734208,-0.6058371,0.5097465,0.7505198,-0.5762838,0.5017575,0.7547723,-0.5520135,0.5327959,0.793862,-0.5614891,0.5122491,0.7974155,-0.5417605,0.4982282,0.7876676,-0.5357465,0.5467858,0.7854547,-0.5470188,0.5236765,0.7910392,-0.5249559,0.5054094,0.7823532,-0.5196801,0.5632546,0.7702748,-0.5382071,0.5459766,0.7803835,-0.5131336,0.5285234,0.7790401,-0.5020351,0.5741042,0.7499815,-0.5325963,0.5629565,0.7569126,-0.5120715,0.5488975,0.7569357,-0.5034961,0.5579491,0.7441871,-0.5858449,0.036867,
1528811930441,0.5273941,0.7435151,-0.6000659,0.5078229,0.7598732,-0.5705857,0.5000154,0.7646058,-0.5463367,0.5295363,0.8045541,-0.5573827,0.5093423,0.8079845,-0.5372525,0.4958029,0.7979782,-0.5305675,0.5440955,0.7969834,-0.5429826,0.5212815,0.8024127,-0.5203699,0.5033748,0.7935584,-0.5140253,0.5612753,0.7826971,-0.5341544,0.5440588,0.7926942,-0.5089841,0.5269022,0.7909597,-0.4974521,0.5730222,0.7630112,-0.5282571,0.5619515,0.7699747,-0.5076725,0.5481083,0.7696963,-0.4987314,0.5560607,0.7552743,-0.5810722,0.03715007,
1528811930467,0.5235627,0.7640609,-0.5866343,0.5046146,0.7793422,-0.5561713,0.4978186,0.7837631,-0.5315685,0.5231267,0.8256359,-0.5449395,0.5037853,0.8275646,-0.5239249,0.4912879,0.8165463,-0.516674,0.5385456,0.8193145,-0.5312504,0.5163091,0.8234968,-0.5075914,0.4991779,0.8139752,-0.4998539,0.5569853,0.8064581,-0.5230307,0.5400199,0.8154758,-0.4973164,0.5234883,0.8126745,-0.4850902,0.5702147,0.787879,-0.517491,0.5592928,0.7944664,-0.4966808,0.5458726,0.7935009,-0.4870861,0.5518269,0.7781441,-0.5693433,0.03659565,
1528811930494,0.5193654,0.7960333,-0.5690687,0.5017638,0.8104241,-0.5373409,0.4963467,0.8143742,-0.5123791,0.5183686,0.8571113,-0.5268899,0.5004365,0.8576777,-0.5047259,0.4888127,0.8458923,-0.4970603,0.5344527,0.8514972,-0.5142625,0.5134097,0.855126,-0.4889507,0.4968681,0.8461351,-0.4790477,0.5537116,0.8393774,-0.5071151,0.5375259,0.8471931,-0.480588,0.5216669,0.8433383,-0.4677269,0.5675335,0.8215787,-0.5026136,0.5566785,0.8276583,-0.4816085,0.543642,0.8261538,-0.4714348,0.5474998,0.8112271,-0.5533532,0.03584437,
1528811930521,0.515839,0.8182009,-0.5568507,0.499454,0.8323727,-0.5242997,0.4944932,0.8363403,-0.4992055,0.5169047,0.8785639,-0.5136108,0.4997484,0.8792993,-0.4906504,0.4879447,0.8680946,-0.4821596,0.5333382,0.8725672,-0.5016092,0.5135266,0.8772757,-0.4747913,0.4972226,0.8707548,-0.4623504,0.5526072,0.8599089,-0.4952721,0.5376102,0.8676232,-0.4679165,0.5223178,0.8642764,-0.4541289,0.5658085,0.8416802,-0.4916372,0.5552981,0.8473641,-0.4702303,0.542765,0.846242,-0.4592242,0.5443822,0.8327954,-0.5419157,0.03663036,
1528811930557,0.5097657,0.8472033,-0.5363563,0.4968862,0.8595784,-0.5014248,0.4937079,0.8631473,-0.4758642,0.5154122,0.9061778,-0.4910049,0.5006363,0.9067701,-0.4661789,0.4897168,0.8960813,-0.4557402,0.5333415,0.8995401,-0.4813047,0.516901,0.9043219,-0.451775,0.502648,0.8991203,-0.4364768,0.553324,0.8863083,-0.4778091,0.5413646,0.8924174,-0.4485915,0.5278095,0.8883396,-0.4331755,0.5668073,0.8678342,-0.4767077,0.5585607,0.8720934,-0.4539118,0.5478209,0.8707317,-0.4410232,0.5398814,0.861571,-0.5244006,0.03880149,
1528811930573,0.5081314,0.8650561,-0.52148,0.4956352,0.8760834,-0.4859111,0.4921374,0.8791568,-0.460245,0.5151769,0.9228002,-0.4743371,0.5004141,0.9233236,-0.4494061,0.4894502,0.9127752,-0.4388933,0.5338951,0.9158261,-0.4650441,0.518806,0.921373,-0.4346717,0.5052106,0.9170853,-0.4186216,0.553568,0.9016659,-0.4623652,0.5426635,0.9073098,-0.4325265,0.5297384,0.9035348,-0.4164423,0.5667437,0.8826662,-0.4621606,0.5592208,0.8859968,-0.4389274,0.5488559,0.8842659,-0.4258037,0.5387241,0.8789102,-0.509705,0.03991628,
1528811930600,0.5070195,0.8822729,-0.507081,0.493948,0.891871,-0.4712498,0.4894596,0.8943962,-0.4456256,0.5141634,0.9384295,-0.4577414,0.4985791,0.9387755,-0.4333088,0.4873588,0.9280543,-0.4233253,0.5343424,0.9315925,-0.4483869,0.5211947,0.9391932,-0.4171736,0.5088303,0.9373659,-0.3997173,0.5534374,0.9165063,-0.4463354,0.5439777,0.9229627,-0.4158409,0.5322278,0.920678,-0.39858,0.5664251,0.8968724,-0.4468037,0.5603164,0.9001181,-0.4229421,0.551111,0.8988525,-0.4089665,0.5379801,0.8952224,-0.4944845,0.04042998,
1528811930627,0.5053299,0.9000587,-0.4885105,0.4916903,0.9083872,-0.45253,0.4861676,0.9104869,-0.4270057,0.5114806,0.9546937,-0.4372801,0.4948668,0.9550645,-0.4134097,0.4832675,0.9444058,-0.4039516,0.5329587,0.9480286,-0.4275769,0.5215473,0.9574749,-0.3959253,0.5105072,0.9579564,-0.3775004,0.551448,0.9322424,-0.4258291,0.5435431,0.9400511,-0.3948237,0.5336217,0.940137,-0.3762122,0.5641047,0.9119743,-0.4267043,0.5590352,0.9152242,-0.4024228,0.5514114,0.9148206,-0.3874015,0.5360137,0.9123429,-0.4749994,0.04111439,
1528811930654,0.5063229,0.9092484,-0.4718626,0.4899962,0.9165047,-0.4367156,0.4820842,0.9186703,-0.4117972,0.5071808,0.9632107,-0.4196132,0.4890041,0.9622066,-0.3971089,0.4776929,0.9503362,-0.3889214,0.5295502,0.9583278,-0.4090374,0.5174263,0.9687603,-0.3778574,0.5065351,0.9703779,-0.3593684,0.548723,0.9432632,-0.4067786,0.5405189,0.9521759,-0.3759734,0.5314422,0.9538083,-0.3569248,0.5626988,0.9233564,-0.4073298,0.5580024,0.9270136,-0.3829327,0.5511916,0.9270235,-0.3675313,0.536023,0.9227109,-0.4566773,0.03931046,
1528811930680,0.5036176,0.9154968,-0.4606979,0.4852089,0.9210135,-0.4262611,0.4758466,0.9223599,-0.4018444,0.4995502,0.9680039,-0.4071894,0.4807976,0.964651,-0.3858652,0.4707479,0.9509277,-0.3794241,0.5227684,0.9656191,-0.3962823,0.5102757,0.9768133,-0.3654446,0.4997226,0.9794133,-0.3468062,0.5428836,0.9518029,-0.3939134,0.5346993,0.9619058,-0.3633698,0.5264756,0.9649574,-0.3440515,0.5584269,0.9327552,-0.3944071,0.5546573,0.9375215,-0.3699425,0.5492954,0.9386051,-0.3540014,0.5321277,0.930488,-0.4442787,0.03667132,
1528811930695,0.500822,0.9198749,-0.4478537,0.4816192,0.9234535,-0.4135825,0.4716704,0.9239251,-0.3893555,0.4921623,0.9713163,-0.3937206,0.4738593,0.9658609,-0.3727799,0.4654103,0.9508157,-0.3670636,0.5155369,0.9713489,-0.3830224,0.5022166,0.9822601,-0.3523818,0.4917957,0.9850887,-0.3336402,0.5369334,0.9594257,-0.3807761,0.5281267,0.9696048,-0.3504152,0.5200737,0.9729118,-0.3310096,0.5543522,0.9418828,-0.3813831,0.5506554,0.9470738,-0.3570036,0.5454848,0.9481653,-0.3409971,0.5280513,0.937189,-0.4311849,0.03548552,
1528811930720,0.4996777,0.9263455,-0.4339153,0.4805476,0.9280024,-0.3994642,0.4706422,0.9276178,-0.3751737,0.4869372,0.9770228,-0.3793749,0.4700329,0.9701833,-0.3577212,0.4630448,0.9545453,-0.3513475,0.5099924,0.9794823,-0.369416,0.4960151,0.9891889,-0.338688,0.4856146,0.9911025,-0.3197894,0.5326005,0.9700444,-0.3675548,0.5230854,0.9794857,-0.337217,0.5148061,0.981851,-0.3177564,0.5520751,0.9547172,-0.368442,0.5484118,0.9600735,-0.344146,0.5431163,0.9605181,-0.328171,0.5252569,0.9464698,-0.4176393,0.03674909,
1528811930754,0.4965266,0.9244823,-0.4199026,0.4777296,0.9240838,-0.3852315,0.4680922,0.9226139,-0.360836,0.4805716,0.9735242,-0.3641776,0.4653741,0.965211,-0.3420865,0.460034,0.9488083,-0.3358994,0.5029057,0.9776907,-0.3548973,0.4883886,0.9854736,-0.3239366,0.4779824,0.985889,-0.3049102,0.526311,0.9704593,-0.3534845,0.5162909,0.9787771,-0.3230062,0.5079528,0.9800394,-0.3034675,0.5472405,0.9572841,-0.3548584,0.543584,0.9626718,-0.3305769,0.5386142,0.9629387,-0.3144775,0.5205293,0.9466849,-0.4036822,0.03705291,
1528811930774,0.4948208,0.9243437,-0.4104064,0.475965,0.9230567,-0.3757949,0.4664568,0.9211467,-0.3513731,0.4767858,0.9728692,-0.3544011,0.4626916,0.964231,-0.3317742,0.458347,0.9476508,-0.3253241,0.4985355,0.9780601,-0.3454914,0.4837855,0.9846607,-0.31444,0.4734449,0.983948,-0.2953748,0.5223644,0.9723591,-0.3441997,0.5120761,0.9799761,-0.3136694,0.5037337,0.9804225,-0.2940974,0.5439609,0.9605455,-0.3456671,0.5400628,0.9658483,-0.321411,0.5351213,0.9658617,-0.3053,0.5177708,0.9480262,-0.3942848,0.03803664,
1528811930800,0.4945721,0.925872,-0.3994177,0.4752926,0.9235404,-0.3651136,0.4657759,0.921164,-0.3407107,0.4737557,0.9741449,-0.3432024,0.4610971,0.9662747,-0.319043,0.4575343,0.9502629,-0.3111008,0.494325,0.9800041,-0.3346426,0.4794704,0.9845076,-0.3033717,0.4694577,0.9819298,-0.2842841,0.5184746,0.9763941,-0.3333142,0.5077831,0.9822619,-0.3026146,0.4995756,0.9814377,-0.2829465,0.5406774,0.9665545,-0.3347427,0.5358465,0.970619,-0.3105174,0.530208,0.9687144,-0.2947806,0.5158418,0.9514948,-0.3832739,0.04232509,
1528811930827,0.4937448,0.9214603,-0.3870466,0.4739183,0.9171815,-0.3532569,0.4642667,0.913771,-0.3290232,0.4705652,0.9675617,-0.3295186,0.459381,0.9595338,-0.3040715,0.4565469,0.9442126,-0.2945022,0.4902228,0.9746464,-0.321189,0.4759554,0.9768136,-0.2894635,0.466788,0.9723897,-0.2702928,0.5144584,0.9731809,-0.3201126,0.5039592,0.9770789,-0.2890711,0.4962908,0.9748728,-0.2692768,0.5371,0.9649763,-0.3217648,0.5317284,0.9664104,-0.2975397,0.5258706,0.9616172,-0.2825102,0.5135234,0.948949,-0.3704666,0.04666891,
1528811930854,0.4924095,0.9207926,-0.3823434,0.4713245,0.9150945,-0.349538,0.4607443,0.9106679,-0.3258369,0.4688103,0.9644765,-0.322853,0.4574725,0.9560457,-0.2973049,0.454192,0.9409189,-0.2876064,0.4880977,0.9711704,-0.3139766,0.4735842,0.9719901,-0.2823308,0.4642651,0.9666297,-0.2634763,0.5122184,0.969838,-0.3125847,0.5013422,0.9726882,-0.2815654,0.4934346,0.9698644,-0.2619418,0.534817,0.9615036,-0.314137,0.5290182,0.9616345,-0.2900112,0.5229174,0.9560271,-0.2753502,0.5120816,0.9474271,-0.36392,0.04918965,
1528811930880,0.492243,0.9190936,-0.3763208,0.4716495,0.9109526,-0.3437286,0.461341,0.905031,-0.3202366,0.4682654,0.9575194,-0.3145068,0.4587628,0.9453968,-0.2897444,0.4574859,0.9289765,-0.2822495,0.4872332,0.9665435,-0.3056332,0.4737999,0.9653797,-0.2735454,0.4654389,0.9588575,-0.2546058,0.5114507,0.9667674,-0.3048676,0.5015631,0.9681631,-0.2734353,0.4945134,0.9642727,-0.2536751,0.5345652,0.9591687,-0.307188,0.5298896,0.9573864,-0.2828988,0.5247442,0.9503736,-0.2685121,0.5111171,0.946067,-0.3570494,0.04506967,
1528811930907,0.4898562,0.9186493,-0.3698354,0.4688574,0.9093494,-0.3378135,0.4583515,0.9024978,-0.3146885,0.4669785,0.9529531,-0.3065377,0.459779,0.9359484,-0.2875379,0.4619797,0.9177644,-0.2888382,0.4861741,0.9632564,-0.2968324,0.4730372,0.962177,-0.264461,0.4646813,0.9561596,-0.2453848,0.510442,0.9630439,-0.2961478,0.5011138,0.9647035,-0.2644102,0.4944928,0.9626077,-0.244176,0.5337191,0.9547576,-0.298815,0.5300381,0.9525382,-0.274253,0.5254605,0.9457431,-0.2596059,0.509346,0.9444239,-0.3492976,0.03024024,
1528811930941,0.4886572,0.9184866,-0.3629408,0.4676604,0.9085729,-0.3310887,0.4572965,0.9012143,-0.3081199,0.4665428,0.9499258,-0.2989555,0.4599109,0.9314412,-0.2826431,0.4633651,0.9140425,-0.2870331,0.4862014,0.9612828,-0.2886615,0.4733167,0.9609971,-0.2560048,0.4650522,0.9573193,-0.2362312,0.5105543,0.9609249,-0.2882917,0.5018151,0.9637334,-0.2563195,0.4957401,0.9634174,-0.2358416,0.5341719,0.9527922,-0.2914109,0.5316368,0.951575,-0.2665036,0.5281435,0.9465858,-0.2507724,0.5087071,0.9433441,-0.3418438,0.0254174,
1528811930974,0.4886278,0.9182985,-0.3550622,0.46765,0.9078735,-0.3233448,0.4570907,0.9001424,-0.3006063,0.4668165,0.9487668,-0.2901587,0.4595309,0.9304831,-0.2743744,0.4631733,0.9131638,-0.2790326,0.486903,0.9591334,-0.2799562,0.4733826,0.9576488,-0.2476501,0.4647245,0.9530044,-0.2282493,0.5115408,0.95874,-0.2798027,0.502574,0.9607275,-0.247853,0.4963256,0.9597933,-0.2274454,0.5352741,0.9508905,-0.2833798,0.5327392,0.9495968,-0.2585076,0.5291684,0.9444221,-0.2428598,0.5092385,0.9424184,-0.3336103,0.02592255,
1528811931000,0.489696,0.9169317,-0.3483503,0.4680241,0.9057574,-0.3173549,0.4564982,0.8976831,-0.2951618,0.4663584,0.9471617,-0.2829597,0.4588583,0.9295399,-0.2667796,0.4631154,0.9123424,-0.2709858,0.4863634,0.9570827,-0.2728729,0.4722849,0.9542915,-0.2409873,0.4634715,0.9480735,-0.22212,0.5111918,0.9575872,-0.2725325,0.5017462,0.95841,-0.2407257,0.4951786,0.9560297,-0.2205444,0.53522,0.9509154,-0.2760625,0.5324275,0.9495878,-0.2512308,0.5288796,0.9443616,-0.2355817,0.5098093,0.9415866,-0.3264006,0.02903725,
1528811931013,0.490152,0.9159945,-0.345637,0.4682529,0.9046695,-0.3148536,0.4564133,0.8965398,-0.2928255,0.4664632,0.9462337,-0.2801161,0.4588745,0.928826,-0.2637609,0.4632627,0.9116213,-0.2677321,0.4864768,0.9560331,-0.2700838,0.4722833,0.9529088,-0.2383039,0.4634625,0.9462446,-0.2195872,0.5113566,0.9567765,-0.2697107,0.5018139,0.9572678,-0.2379399,0.4951736,0.9543861,-0.2178394,0.5354604,0.9504412,-0.2732404,0.5326198,0.9491122,-0.248415,0.5291007,0.9438928,-0.2327519,0.5101686,0.9408616,-0.3235911,0.03006725,
1528811931040,0.4891421,0.9124404,-0.3411083,0.4657612,0.8991944,-0.3122307,0.4526399,0.8898132,-0.2914462,0.4636846,0.9393988,-0.2737486,0.4540168,0.9223129,-0.2548177,0.4561254,0.9041528,-0.2541008,0.4833772,0.948287,-0.2633796,0.4684964,0.9424469,-0.2324156,0.4596848,0.9331085,-0.2149327,0.5084226,0.9499108,-0.2625222,0.4982842,0.947383,-0.2311159,0.4913874,0.9416457,-0.211742,0.5328233,0.9450745,-0.2660265,0.5295885,0.9423313,-0.2413511,0.5260559,0.9362115,-0.2260203,0.5086955,0.9368802,-0.3170747,0.04015533,
1528811931054,0.4903773,0.9119409,-0.3409639,0.4669438,0.8979499,-0.3124818,0.4537426,0.8880391,-0.2919941,0.4649115,0.9373323,-0.2728257,0.4542456,0.9204218,-0.252966,0.4539208,0.9018939,-0.2488325,0.4845466,0.9455938,-0.262374,0.4694554,0.9387206,-0.2317236,0.4605663,0.9287421,-0.2146509,0.5096276,0.9472015,-0.2614561,0.4993257,0.943674,-0.2301875,0.4923415,0.9371071,-0.2111369,0.53407,0.9425277,-0.2650852,0.5307924,0.9391903,-0.2404425,0.5273645,0.9331118,-0.2250539,0.5099698,0.9358265,-0.3163111,0.04533111,
1528811931081,0.4909812,0.9105839,-0.3409223,0.467436,0.8946369,-0.3135852,0.4542524,0.8833408,-0.2938566,0.4649144,0.9315296,-0.2715412,0.453087,0.9140089,-0.2516143,0.4495698,0.8969452,-0.2440263,0.4843113,0.9391705,-0.2605876,0.4686825,0.9299192,-0.2308917,0.4596607,0.9182838,-0.2150247,0.5094762,0.9409325,-0.2593765,0.4987172,0.9351585,-0.2286068,0.491509,0.9271423,-0.2102287,0.5340838,0.9368122,-0.2631204,0.5306405,0.9321669,-0.2386622,0.5272307,0.9255487,-0.223501,0.5103508,0.932981,-0.3147013,0.05186575,
1528811931109,0.4905785,0.9096801,-0.3445231,0.4665284,0.8919498,-0.3187692,0.4534196,0.8792481,-0.2999739,0.463301,0.9258289,-0.2748059,0.4514741,0.9059906,-0.2580314,0.4487542,0.8876181,-0.2538199,0.4824004,0.9329316,-0.2626433,0.4656166,0.9220647,-0.2341607,0.4558992,0.9092995,-0.2197109,0.507548,0.9340767,-0.2607641,0.4956252,0.9264644,-0.2308864,0.4875942,0.9167162,-0.2137876,0.5322096,0.9296311,-0.264235,0.5279253,0.9236878,-0.2402001,0.523877,0.916243,-0.2255921,0.5096353,0.9300067,-0.3164536,0.04713823,
1528811931141,0.4903318,0.9085,-0.3484116,0.466648,0.8900493,-0.3228282,0.4543479,0.8767619,-0.3040529,0.4619876,0.92316,-0.2794716,0.4511163,0.9020973,-0.2659095,0.4533239,0.8842657,-0.2691499,0.480839,0.9309398,-0.2664682,0.4630219,0.9210083,-0.2381462,0.4523525,0.9096122,-0.2231275,0.5059997,0.9317073,-0.2642834,0.4931794,0.9248363,-0.2345644,0.4844875,0.9156909,-0.2174725,0.5307767,0.9269506,-0.2675039,0.5259251,0.9214941,-0.2434759,0.5214182,0.914284,-0.2288865,0.5088822,0.9280738,-0.3199922,0.03571523,
1528811931173,0.4910116,0.9060777,-0.3489863,0.4681658,0.8874281,-0.3227937,0.4566912,0.8741169,-0.3035751,0.4612904,0.9218225,-0.2807574,0.450749,0.9010127,-0.2669218,0.4539791,0.8839618,-0.2708113,0.4797493,0.9303609,-0.2678287,0.4615953,0.9213761,-0.2393923,0.4507544,0.9105645,-0.224064,0.5048797,0.9315283,-0.2654124,0.4916871,0.9255919,-0.2356695,0.4828194,0.9167378,-0.2185485,0.529729,0.9271562,-0.2682684,0.5244926,0.9227019,-0.244137,0.5196884,0.9157373,-0.2295541,0.5084881,0.92654,-0.3210291,0.03431823,
1528811931186,0.4915757,0.9052646,-0.3485634,0.468801,0.8865114,-0.3223845,0.4574522,0.8731474,-0.3031254,0.4612425,0.9211584,-0.2805316,0.4506705,0.9004347,-0.2664812,0.4539227,0.8834397,-0.2702464,0.4795421,0.9297739,-0.2675558,0.461279,0.9209044,-0.2391452,0.4503834,0.9102154,-0.2237636,0.5046293,0.9310255,-0.2649682,0.491284,0.925119,-0.2352939,0.4823515,0.9162126,-0.2182408,0.5294654,0.9267616,-0.2676339,0.524025,0.9223716,-0.2435413,0.519093,0.9153602,-0.2290313,0.5086792,0.9258913,-0.3205565,0.03463265,
1528811931213,0.4934821,0.9034544,-0.346622,0.4710121,0.8842807,-0.3204924,0.4600378,0.8706768,-0.3011627,0.4621123,0.919348,-0.2786541,0.4513904,0.8989255,-0.2637106,0.4543445,0.8819037,-0.2667764,0.4801202,0.9279685,-0.265721,0.4618632,0.9191447,-0.2372712,0.4509903,0.9086866,-0.2216935,0.5050995,0.9294686,-0.2628868,0.4916462,0.9233021,-0.2333367,0.4827421,0.9140427,-0.2164748,0.5299034,0.9255354,-0.2652844,0.5241977,0.9210021,-0.2412917,0.5191239,0.9136825,-0.2270085,0.5097991,0.9243653,-0.3184826,0.03661798,
1528811931228,0.494018,0.9024171,-0.3461276,0.4719095,0.882979,-0.3198934,0.4613167,0.8692195,-0.3004433,0.4627801,0.9184435,-0.2777046,0.4519076,0.8984558,-0.2616349,0.4542946,0.8813168,-0.2637704,0.4807636,0.9268802,-0.2650762,0.4628743,0.9180233,-0.2363885,0.4522249,0.9076891,-0.2205617,0.5056921,0.9285586,-0.2623549,0.492536,0.9221004,-0.2327567,0.4838803,0.9124676,-0.2159932,0.5304515,0.9248601,-0.2648475,0.5248805,0.9201616,-0.2408612,0.5199033,0.9125664,-0.2267125,0.5102107,0.9235126,-0.3180034,0.03924996,
1528811931254,0.4947751,0.9023005,-0.3450696,0.4728882,0.8825796,-0.3188645,0.4624978,0.868606,-0.2994523,0.4639128,0.9179301,-0.2760899,0.4527615,0.8982766,-0.2592231,0.4544598,0.8810706,-0.2606341,0.4819612,0.9258668,-0.2636713,0.4643466,0.9167998,-0.2348517,0.4538033,0.9065876,-0.2188597,0.5068727,0.9274942,-0.2610744,0.493967,0.9206136,-0.2314749,0.4854649,0.9106187,-0.2148617,0.5315843,0.9238073,-0.2637413,0.5261728,0.9187634,-0.2397958,0.521257,0.910819,-0.2258431,0.5110673,0.923076,-0.3168221,0.04155512,
1528811931280,0.4941429,0.9021349,-0.3448044,0.4723907,0.8822994,-0.3185697,0.4620586,0.8682175,-0.2992141,0.4637689,0.9172342,-0.2755706,0.4525852,0.8974317,-0.2588217,0.4541119,0.8802356,-0.2603865,0.4819112,0.9249413,-0.2631801,0.4643732,0.9158649,-0.2342715,0.4537599,0.9061009,-0.2180215,0.5068533,0.9263911,-0.2607173,0.4940707,0.9194067,-0.2310728,0.4855797,0.9094877,-0.2143963,0.5315669,0.9225398,-0.2635714,0.5263304,0.91732,-0.2396246,0.5214649,0.9092379,-0.2257463,0.5106668,0.9225049,-0.3165314,0.04141463,
1528811931293,0.4940215,0.9020629,-0.3452224,0.4721794,0.8820437,-0.3192001,0.4617686,0.8678435,-0.2999802,0.4633576,0.9163959,-0.2762308,0.4523553,0.8960686,-0.2601081,0.4541826,0.8788907,-0.2621069,0.4813552,0.9244167,-0.2635611,0.4636344,0.9152294,-0.2347785,0.4528916,0.9056493,-0.2184907,0.506269,0.9259001,-0.2609886,0.4932808,0.9186946,-0.2314865,0.4846936,0.908609,-0.214969,0.5310658,0.9220142,-0.2637502,0.5257473,0.9164748,-0.2398893,0.5208591,0.9082258,-0.2261153,0.5103985,0.9223594,-0.3167707,0.04017427,
1528811931320,0.4940045,0.9033803,-0.3457017,0.4722236,0.8833483,-0.3196314,0.4617881,0.8691018,-0.3004831,0.4637733,0.9168538,-0.2769774,0.4531346,0.8956941,-0.2623567,0.4554749,0.878566,-0.2655941,0.4818746,0.9251122,-0.2639307,0.4640355,0.9158815,-0.2352234,0.4531515,0.9063848,-0.2189784,0.5067862,0.9263248,-0.2614786,0.4936525,0.9192357,-0.2319929,0.4848751,0.9093852,-0.2154207,0.5315772,0.9220555,-0.2643965,0.526248,0.9165012,-0.240522,0.5213422,0.9085277,-0.2265579,0.5106308,0.9231881,-0.3172802,0.03669699,
1528811931354,0.4936126,0.9038488,-0.3464126,0.4728459,0.8838778,-0.3194764,0.4632067,0.8696107,-0.2999923,0.4644064,0.9165505,-0.2781295,0.4543315,0.8945732,-0.265775,0.4574178,0.8778188,-0.2710602,0.4829435,0.924714,-0.2647111,0.4652222,0.915498,-0.235881,0.4542728,0.9062265,-0.219553,0.5078616,0.9254609,-0.2626873,0.4948686,0.9191534,-0.2328574,0.4859932,0.911055,-0.2152792,0.5325677,0.9206164,-0.2660779,0.5275768,0.9156905,-0.2419316,0.5229622,0.9089416,-0.2271694,0.5106736,0.9228802,-0.31854,0.03062603,
1528811931374,0.4948823,0.903383,-0.3441141,0.4744697,0.8840467,-0.316458,0.4641077,0.870414,-0.2969145,0.4662092,0.9165096,-0.276323,0.4564537,0.8942572,-0.2642946,0.4597018,0.8775659,-0.2698378,0.4849594,0.9248818,-0.2629614,0.4676273,0.9157852,-0.2338214,0.4568982,0.9066695,-0.2172699,0.5098526,0.9257876,-0.2612882,0.4972399,0.9203088,-0.2310604,0.4886307,0.913477,-0.2127877,0.5345027,0.9208646,-0.264977,0.5298878,0.9165975,-0.2405886,0.5256974,0.9108793,-0.2252341,0.5118343,0.922632,-0.3171286,0.02834977,
1528811931400,0.4957301,0.9048617,-0.3406063,0.4759591,0.8860561,-0.3121485,0.4657663,0.8728888,-0.2922008,0.4664853,0.919062,-0.2736519,0.4568595,0.896793,-0.261566,0.4603207,0.8800367,-0.2669042,0.4852359,0.9276751,-0.2603042,0.4679121,0.9188355,-0.2310406,0.4572111,0.9101085,-0.2142631,0.5100614,0.9289254,-0.2586201,0.4973941,0.9242994,-0.228224,0.488825,0.9184983,-0.2095778,0.5347314,0.9240962,-0.2621852,0.5300785,0.9204998,-0.2376715,0.5259945,0.9155402,-0.2220233,0.512156,0.9247516,-0.3143306,0.02684517,
1528811931427,0.497856,0.9041699,-0.3391724,0.4781921,0.8857641,-0.3103903,0.4679759,0.8729396,-0.2902492,0.4675024,0.9188498,-0.2733767,0.4580926,0.896273,-0.2615707,0.4620106,0.8795637,-0.266782,0.486032,0.928046,-0.2596304,0.4684985,0.9193907,-0.2303984,0.4577339,0.9108009,-0.2136121,0.5108765,0.929693,-0.2576261,0.4980775,0.9256185,-0.2271753,0.4894903,0.9204071,-0.2083715,0.5356437,0.925082,-0.260835,0.5309474,0.9219475,-0.2362471,0.526983,0.9176258,-0.2203687,0.5135845,0.9246612,-0.3132367,0.02510325,
1528811931453,0.4981343,0.9041107,-0.339108,0.4781064,0.8861925,-0.3102713,0.4675545,0.8737464,-0.2900506,0.4667326,0.9200062,-0.2740968,0.4571552,0.8976125,-0.261801,0.461135,0.8807203,-0.2663133,0.4850887,0.9293388,-0.2603195,0.4672789,0.9206387,-0.2312704,0.4564064,0.9120934,-0.214521,0.5099503,0.9313447,-0.2579436,0.4969083,0.9274322,-0.2275736,0.4882201,0.9224436,-0.2087453,0.5347941,0.9269756,-0.2607239,0.5298604,0.9239437,-0.2361838,0.5257432,0.9196051,-0.2203449,0.5133733,0.9253373,-0.3134014,0.02555982,
1528811931480,0.4978464,0.9045472,-0.3398103,0.4772374,0.8869937,-0.3111574,0.4663173,0.8747736,-0.2909956,0.4655464,0.921329,-0.2753223,0.4554232,0.8992468,-0.2627959,0.4591327,0.8821152,-0.2668049,0.4838586,0.9301969,-0.2614766,0.4655851,0.9212477,-0.2328116,0.4544463,0.9125546,-0.216305,0.5087744,0.9321147,-0.2586724,0.4953876,0.9280945,-0.2284676,0.4864892,0.9231229,-0.2097261,0.5336388,0.9276533,-0.2610604,0.5284357,0.9245034,-0.2365988,0.5241067,0.9200088,-0.2208613,0.5128917,0.9258971,-0.3140329,0.02628131,
1528811931509,0.499856,0.905234,-0.3403111,0.4769797,0.8880738,-0.3131542,0.4644834,0.8761189,-0.2936533,0.4628215,0.9228344,-0.2786131,0.4514788,0.9009053,-0.2657024,0.4544854,0.8831437,-0.2678047,0.4801167,0.9310964,-0.263702,0.4603937,0.9203592,-0.2367225,0.4485979,0.9104236,-0.2213941,0.5046936,0.9334335,-0.2588847,0.4895674,0.9282414,-0.229681,0.479695,0.9229218,-0.2115131,0.529633,0.9292296,-0.2592971,0.5228754,0.9246322,-0.2354704,0.5175023,0.9187869,-0.2205269,0.5129734,0.9272135,-0.313638,0.02859121,
1528811931541,0.5009097,0.9053607,-0.3396288,0.4769204,0.8882982,-0.3133717,0.4636992,0.8763805,-0.2942337,0.4621495,0.9228399,-0.279019,0.450259,0.9008885,-0.26567,0.4524733,0.8828159,-0.2665237,0.4790508,0.9304307,-0.2637051,0.4594324,0.9173667,-0.2378687,0.4482283,0.9048141,-0.2241364,0.5033481,0.9329293,-0.2580163,0.4878815,0.9256941,-0.2294468,0.477869,0.9189259,-0.2118362,0.5281661,0.9288791,-0.2576592,0.5209035,0.9221679,-0.2345339,0.5151292,0.9142268,-0.2207974,0.5133177,0.927588,-0.3123767,0.03058232,
1528811931560,0.5005573,0.9050472,-0.3390771,0.4763553,0.888032,-0.3129898,0.4633532,0.8760771,-0.2936649,0.4614046,0.922395,-0.2786867,0.4493895,0.9004753,-0.2649092,0.4511487,0.8823025,-0.265108,0.4781787,0.9295603,-0.2633491,0.4590234,0.9150252,-0.2381288,0.4486966,0.9005664,-0.2257737,0.5022423,0.9320502,-0.257438,0.4867706,0.9231147,-0.2294042,0.4768228,0.9147998,-0.2124234,0.5268847,0.9281089,-0.2568583,0.519329,0.9199919,-0.234321,0.5133926,0.9108866,-0.2214185,0.5127864,0.9273404,-0.3115567,0.03167342,
1528811931588,0.5018877,0.9077567,-0.3374338,0.4774646,0.8908129,-0.3115246,0.4644136,0.8788407,-0.2921811,0.4631246,0.9247552,-0.2766921,0.4509047,0.9028927,-0.2623497,0.4517856,0.8845787,-0.2616754,0.4800374,0.93108,-0.2615594,0.4618024,0.9145201,-0.2372184,0.4532687,0.8975277,-0.2275991,0.5040213,0.9334048,-0.2556325,0.4890782,0.9223684,-0.2281302,0.479593,0.9119417,-0.2121183,0.5284681,0.9294676,-0.2551811,0.521109,0.9198364,-0.2331638,0.5153224,0.9096684,-0.2211004,0.5142893,0.9298129,-0.3096651,0.033511,
1528811931615,0.5017115,0.9069792,-0.3375962,0.4773105,0.8896889,-0.3119292,0.464433,0.877453,-0.2925765,0.463654,0.923206,-0.2760111,0.4517886,0.9012787,-0.2612354,0.4524815,0.8829186,-0.2600696,0.4808356,0.9292272,-0.2611059,0.464047,0.910849,-0.2375341,0.4573694,0.8922788,-0.2301238,0.5047136,0.9315996,-0.2555034,0.4906746,0.9181777,-0.2287779,0.4821236,0.904872,-0.2145968,0.5290462,0.9281276,-0.2553318,0.5221573,0.9173568,-0.233676,0.5167018,0.9061068,-0.2226975,0.5143784,0.9290699,-0.3094925,0.03506291,
1528811931640,0.5015852,0.9066308,-0.3371933,0.4771536,0.8892058,-0.3116629,0.4643152,0.8768371,-0.2923478,0.4638879,0.9224612,-0.2752335,0.4520329,0.9004831,-0.2604254,0.4525471,0.8820999,-0.2591807,0.48119,0.9281719,-0.2604021,0.464816,0.9091252,-0.2372613,0.4585809,0.8901296,-0.2306058,0.50504,0.9303493,-0.2549263,0.4912718,0.9158564,-0.2287282,0.483083,0.9013542,-0.2156395,0.5292765,0.9269535,-0.2548637,0.5224406,0.9157126,-0.2334182,0.5170177,0.9040766,-0.2229831,0.5144727,0.9285134,-0.3088669,0.03558429,
1528811931654,0.501678,0.9061267,-0.3368663,0.4774033,0.8884608,-0.3113639,0.4646938,0.8759602,-0.2920298,0.4641915,0.9217075,-0.2745492,0.4525908,0.8997457,-0.2595049,0.4532109,0.8813596,-0.2580442,0.4815826,0.9275405,-0.2598693,0.4657391,0.9081324,-0.2367854,0.4599748,0.8888992,-0.2303352,0.5054091,0.9298775,-0.2546003,0.4920817,0.9145794,-0.2287556,0.4844348,0.8991309,-0.2165562,0.5296409,0.9268838,-0.2546414,0.523017,0.9153471,-0.2332942,0.5177817,0.9033767,-0.2232673,0.5145888,0.9282241,-0.3084934,0.03627713,
1528811931680,0.501864,0.9048212,-0.3361053,0.4777802,0.8867728,-0.3107046,0.4652318,0.874064,-0.2913835,0.4646691,0.9199473,-0.2732353,0.4534321,0.8980225,-0.2578209,0.4541998,0.8796465,-0.2560087,0.4821334,0.9260222,-0.2587861,0.466986,0.9062035,-0.235722,0.4617935,0.8867222,-0.2293579,0.5059408,0.9286609,-0.2537942,0.4932694,0.9123366,-0.228446,0.4864748,0.8957002,-0.2175583,0.5301897,0.926277,-0.2539786,0.5238851,0.9142931,-0.2328159,0.5189401,0.9018387,-0.2233437,0.5147769,0.9272482,-0.3076419,0.03747329,
1528811931693,0.5014286,0.9046714,-0.3360446,0.4773387,0.8863691,-0.3108397,0.4648386,0.8734944,-0.2915967,0.4644209,0.9194537,-0.272782,0.4532723,0.897558,-0.2572631,0.4540751,0.8791808,-0.2553289,0.4819295,0.9256389,-0.2584102,0.4669862,0.9057387,-0.2353218,0.4619647,0.8861988,-0.228945,0.5057481,0.9284025,-0.2535388,0.4933195,0.9117243,-0.2283947,0.4869059,0.894608,-0.2181665,0.5300314,0.926259,-0.2538052,0.5238713,0.9141735,-0.2326649,0.5190572,0.9015797,-0.223369,0.514415,0.9271885,-0.3074194,0.03825624,
1528811931720,0.499408,0.9044839,-0.3388426,0.4754691,0.8856784,-0.3138656,0.4631422,0.8724308,-0.2947771,0.4632,0.9185888,-0.2746817,0.4520763,0.8966449,-0.2593019,0.4528877,0.8782406,-0.2575852,0.4808034,0.9248788,-0.2604294,0.4656981,0.9052902,-0.2371192,0.4605109,0.8858844,-0.2306229,0.5047318,0.9275817,-0.2558445,0.4923016,0.9110739,-0.2306031,0.4859525,0.8938959,-0.2206346,0.5291405,0.9254493,-0.2564113,0.5231419,0.9136506,-0.2350414,0.5184007,0.9013542,-0.2252257,0.5128971,0.926694,-0.3099,0.03901465,
1528811931754,0.4988139,0.9055204,-0.3416207,0.4748414,0.886382,-0.3169283,0.4625111,0.8728988,-0.2980157,0.4629321,0.9193078,-0.2769486,0.4517543,0.8974016,-0.2615935,0.4525415,0.8789876,-0.2598987,0.4804735,0.9257885,-0.2627745,0.465005,0.9066586,-0.2391872,0.4594321,0.8875307,-0.2321456,0.5044723,0.9284463,-0.2583272,0.4919053,0.9120038,-0.2331659,0.4855776,0.8947153,-0.2234499,0.5289763,0.9263809,-0.2589948,0.5229166,0.9147305,-0.2375685,0.5181543,0.9025357,-0.2275638,0.5125412,0.9276556,-0.3124356,0.03986698,
1528811931774,0.4989911,0.9060879,-0.3421746,0.4748482,0.8870022,-0.3176038,0.4623066,0.8735752,-0.2987806,0.4626077,0.9200904,-0.2777487,0.4512398,0.8983321,-0.262273,0.451919,0.8799338,-0.2603515,0.4801007,0.9265373,-0.263536,0.4644517,0.9075252,-0.2398693,0.4588519,0.8885093,-0.232739,0.5040727,0.9292171,-0.2589602,0.4914109,0.9126843,-0.2339072,0.485089,0.8953606,-0.2242317,0.528553,0.9272356,-0.259465,0.5223438,0.9154894,-0.2381433,0.5175312,0.9032453,-0.2281836,0.5125184,0.9283391,-0.3129554,0.04031288,
1528811931800,0.4986129,0.9058028,-0.3421882,0.4740986,0.8865821,-0.3180977,0.4613117,0.8730437,-0.2995252,0.4613412,0.9194925,-0.2781445,0.4496698,0.8977146,-0.2629097,0.4502274,0.8793012,-0.2609925,0.4786491,0.9258401,-0.2636708,0.4625596,0.9068335,-0.2402313,0.4567386,0.8878874,-0.2331161,0.5025887,0.928481,-0.258738,0.4895544,0.911902,-0.2338824,0.4830758,0.8945879,-0.2243306,0.5270618,0.9264596,-0.258939,0.5205312,0.9145727,-0.2377947,0.5155671,0.9022639,-0.2279799,0.511764,0.927888,-0.3126348,0.04058059,
1528811931827,0.4991669,0.9061105,-0.3424429,0.4744094,0.8867614,-0.3187009,0.4614919,0.8731079,-0.300325,0.4613081,0.9193544,-0.2786919,0.4495239,0.8974305,-0.2638549,0.4501808,0.8790014,-0.2622881,0.4784192,0.925728,-0.263936,0.4618104,0.9070134,-0.2404982,0.4555216,0.8883148,-0.2330891,0.5023203,0.9283124,-0.2587244,0.4887958,0.9122,-0.2337086,0.4819063,0.8952897,-0.2237402,0.5268025,0.9261364,-0.2587178,0.5199701,0.9144951,-0.2375087,0.5148246,0.9025267,-0.2272711,0.5120835,0.9279001,-0.3126133,0.04011836,
1528811931853,0.4976576,0.9056785,-0.3443507,0.4739642,0.8857459,-0.3199909,0.4618774,0.8717232,-0.3013726,0.4612815,0.9182448,-0.2797374,0.4501712,0.895893,-0.265335,0.4514738,0.8775049,-0.264757,0.4785427,0.9248991,-0.2652311,0.4620083,0.9066234,-0.2412482,0.4553792,0.8882724,-0.2332795,0.5025401,0.9275092,-0.2605941,0.4891223,0.9120952,-0.2349773,0.4819671,0.8957753,-0.2241661,0.5270585,0.925252,-0.261216,0.5204176,0.91405,-0.2397136,0.5153155,0.902544,-0.2287837,0.5110507,0.9272752,-0.314826,0.03850153,
1528811931880,0.4989851,0.9048861,-0.3431863,0.4751648,0.8849794,-0.3189296,0.4628291,0.8710403,-0.3003831,0.4610754,0.9173344,-0.2796966,0.4499148,0.894846,-0.2652862,0.4511088,0.8764364,-0.2642806,0.4780318,0.9237615,-0.2649893,0.46181,0.9042706,-0.2420137,0.4555271,0.8853519,-0.2345319,0.5019016,0.9265971,-0.2598174,0.4885665,0.9100764,-0.2349459,0.4817653,0.8930882,-0.2249626,0.5262758,0.9246714,-0.2599331,0.5193868,0.912649,-0.2389919,0.5142388,0.9004976,-0.2288545,0.5113974,0.9267324,-0.3136907,0.03833888,
1528811931895,0.5001715,0.9043022,-0.3416741,0.4763889,0.8842895,-0.3174742,0.4639298,0.8703275,-0.2989846,0.4612232,0.9163224,-0.2790264,0.4500279,0.8936159,-0.2645384,0.450783,0.8751459,-0.262852,0.4780311,0.9223222,-0.2642458,0.4625579,0.9012464,-0.2425124,0.4570633,0.8815615,-0.2360954,0.5018216,0.9253432,-0.2586733,0.4890471,0.9071336,-0.2349057,0.4831312,0.8890102,-0.2267349,0.5260361,0.9237528,-0.258469,0.5192459,0.910539,-0.2382588,0.5142596,0.8975627,-0.2291904,0.5118026,0.9262891,-0.3121825,0.03875074,
1528811931920,0.5006763,0.9038572,-0.3403049,0.4769932,0.8836977,-0.3161367,0.4644717,0.8696562,-0.2977099,0.4611166,0.9152434,-0.2782525,0.4499311,0.892256,-0.2637818,0.4501992,0.8737506,-0.2615707,0.4778455,0.9207153,-0.2634763,0.4629039,0.8984423,-0.2425979,0.4577768,0.87843,-0.2367043,0.5015734,0.9237979,-0.2576108,0.4893395,0.9041642,-0.2348172,0.4838705,0.885447,-0.2275047,0.5256323,0.9224017,-0.2572189,0.5190129,0.9079882,-0.2378236,0.5141935,0.8943084,-0.2298006,0.5117763,0.9257706,-0.3107627,0.0390706,
1528811931941,0.5012774,0.9038045,-0.3393795,0.4778126,0.8834423,-0.3151774,0.4653005,0.8692734,-0.2968002,0.4614981,0.9143037,-0.2776026,0.4504694,0.8910317,-0.2631212,0.4503583,0.8725216,-0.2605281,0.4781833,0.9192348,-0.2629843,0.4637705,0.8959039,-0.2428159,0.4589434,0.8756724,-0.2373367,0.5018847,0.9223831,-0.2569368,0.4902326,0.9015657,-0.2349154,0.4851082,0.8824812,-0.2281283,0.5257491,0.9211901,-0.2565004,0.519334,0.9056185,-0.2380268,0.5146869,0.8912979,-0.231104,0.5119769,0.9254799,-0.3097982,0.03936348,
1528811931960,0.4999079,0.9029346,-0.3394209,0.4775,0.8823082,-0.3144461,0.46575,0.8679998,-0.2956755,0.4621193,0.9131624,-0.2762216,0.4518777,0.889868,-0.2613131,0.4520824,0.8713398,-0.2587357,0.4790799,0.9182949,-0.2622887,0.4654679,0.8948724,-0.2418389,0.461097,0.8745002,-0.2364584,0.5029619,0.9217024,-0.2570105,0.4921455,0.9007697,-0.234849,0.4874716,0.8814733,-0.2282225,0.5268698,0.9207635,-0.2573372,0.5210462,0.9051782,-0.2387732,0.5166901,0.8906438,-0.2321413,0.5112942,0.9247414,-0.3102573,0.03952853,
1528811931986,0.4991792,0.9017609,-0.3391171,0.477196,0.8811389,-0.3137587,0.4657848,0.8668432,-0.2947805,0.4626471,0.9121277,-0.2750306,0.452737,0.8889713,-0.2597843,0.4530965,0.8704487,-0.2572004,0.4798317,0.9174067,-0.2614803,0.4666122,0.8941551,-0.2406903,0.4624494,0.87375,-0.2352815,0.503834,0.920909,-0.2566893,0.4934368,0.9001756,-0.2342031,0.488969,0.8808639,-0.2275479,0.5277805,0.9200545,-0.257473,0.5223238,0.9046909,-0.2386438,0.5181193,0.8901595,-0.2319545,0.5107904,0.9236279,-0.3103686,0.03982778,
1528811932000,0.4986863,0.9013219,-0.3376755,0.4770883,0.8810846,-0.3116882,0.4659439,0.8670918,-0.2923267,0.4635061,0.9126408,-0.2728585,0.4539584,0.8898814,-0.2566839,0.4542344,0.8714563,-0.2533694,0.480938,0.9181358,-0.2598935,0.4683981,0.895077,-0.238485,0.464601,0.8747048,-0.2327346,0.5050352,0.9218429,-0.2556833,0.4953791,0.9012464,-0.2327294,0.491356,0.8819482,-0.2259549,0.5289179,0.9212312,-0.2569227,0.5239981,0.9059744,-0.2378855,0.5200734,0.8914032,-0.23116,0.5112642,0.9237992,-0.3092531,0.04091248,
1528811932013,0.4980831,0.9015859,-0.3368444,0.4765359,0.8815467,-0.310662,0.4654524,0.8676541,-0.2912003,0.4646147,0.913414,-0.2708753,0.4550571,0.8910752,-0.2541119,0.4551145,0.8727165,-0.2504479,0.4823469,0.9188551,-0.2584468,0.4699404,0.8961934,-0.2365426,0.4661558,0.8759046,-0.2306549,0.5066001,0.9224567,-0.2548289,0.4971957,0.902221,-0.2314285,0.4932222,0.88304,-0.2245088,0.5304949,0.9217994,-0.2565938,0.5258454,0.9068723,-0.2372292,0.5219864,0.8923878,-0.2304186,0.5117165,0.9240788,-0.3085642,0.04234688,
1528811932041,0.4966778,0.9006654,-0.3352648,0.4750154,0.8809214,-0.308946,0.4636586,0.8672144,-0.2894882,0.4652631,0.9133909,-0.2678285,0.4556583,0.8918445,-0.250039,0.4554672,0.8736502,-0.2456805,0.4832499,0.9189149,-0.2561679,0.4708755,0.8970293,-0.2333899,0.467174,0.8769479,-0.2271972,0.5077051,0.9224979,-0.2532944,0.498615,0.9028132,-0.2292958,0.494764,0.8837938,-0.222005,0.5316462,0.9219717,-0.2556536,0.5273104,0.9074432,-0.2360066,0.523571,0.8929328,-0.2291892,0.5115489,0.9233797,-0.307206,0.04502916,
1528811932054,0.4966583,0.9007919,-0.335444,0.4749146,0.8811808,-0.3090905,0.4634282,0.8675607,-0.2896391,0.4656801,0.9138795,-0.2677177,0.4560216,0.8925672,-0.2496828,0.4557621,0.8744169,-0.2451565,0.4837067,0.919415,-0.2562369,0.4712574,0.8977795,-0.2332425,0.4675292,0.877769,-0.2269486,0.5082151,0.9229689,-0.2535135,0.4991283,0.9034771,-0.2293587,0.4952594,0.8845155,-0.2219339,0.532172,0.9224386,-0.2559876,0.5278548,0.9080482,-0.2362637,0.5241103,0.893541,-0.2294372,0.5118187,0.9235728,-0.3074622,0.04565612,
1528811932080,0.4961948,0.9005744,-0.3356828,0.4742195,0.881231,-0.3093186,0.462439,0.8677745,-0.2899171,0.4656842,0.9141606,-0.2676612,0.4558436,0.8931602,-0.2494131,0.455456,0.8750413,-0.2447887,0.483724,0.9196256,-0.2563695,0.4709515,0.8983965,-0.2331558,0.4670582,0.8784972,-0.2267936,0.5082972,0.9230099,-0.2537804,0.4989729,0.9038395,-0.2294648,0.4949202,0.8849829,-0.221864,0.5322803,0.9223586,-0.2563399,0.5277933,0.9082144,-0.2365147,0.5239209,0.8937433,-0.2296897,0.5117925,0.9233106,-0.3077562,0.04624007,
1528811932095,0.496581,0.9006953,-0.3355073,0.4743303,0.8814691,-0.3092841,0.4622836,0.8680781,-0.2899967,0.4657287,0.9141848,-0.2676725,0.4557795,0.893122,-0.2496559,0.455431,0.8749386,-0.2452734,0.4836272,0.9195381,-0.2563137,0.4705028,0.8982837,-0.2333375,0.4665145,0.8783565,-0.2272199,0.5081841,0.9228665,-0.2535267,0.4984689,0.9037399,-0.2293417,0.4942257,0.8848908,-0.2218195,0.5321649,0.9221998,-0.2558852,0.5273073,0.9081634,-0.2361064,0.5232527,0.893667,-0.229507,0.5121224,0.9232386,-0.3074641,0.0457624,
1528811932112,0.4970391,0.9008231,-0.3351932,0.4746165,0.8815711,-0.3091365,0.4624541,0.8681514,-0.2899422,0.4658115,0.9140577,-0.2675377,0.4558068,0.8928705,-0.2497482,0.4555139,0.8746393,-0.2455672,0.4836116,0.9193406,-0.25607,0.4703218,0.8979426,-0.2333425,0.4663239,0.8779597,-0.2274475,0.5081359,0.9226552,-0.2531085,0.4982036,0.9034239,-0.2291018,0.4938788,0.8845379,-0.221707,0.5321103,0.9220086,-0.2552984,0.5270334,0.90792,-0.2356285,0.5228904,0.893378,-0.2292151,0.5124518,0.9232328,-0.3069909,0.04538067,
1528811932140,0.4979436,0.901055,-0.3341914,0.4751066,0.8818031,-0.3085078,0.4627484,0.8683741,-0.2894484,0.4650329,0.9138745,-0.2676672,0.4550031,0.8921487,-0.2507243,0.455126,0.8737793,-0.2472637,0.4824233,0.9190093,-0.2558038,0.4686694,0.8969815,-0.2339489,0.4646352,0.8768548,-0.2285012,0.5067609,0.9224775,-0.2521086,0.4961242,0.9028783,-0.2286727,0.4915448,0.8839349,-0.2214544,0.5306515,0.9220141,-0.2535774,0.5247855,0.9077106,-0.2343517,0.5203838,0.8930084,-0.2285279,0.512522,0.9233913,-0.3056901,0.04320727,
1528811932160,0.4978528,0.9014397,-0.3345618,0.4748788,0.882465,-0.3088039,0.4625608,0.8692175,-0.2896004,0.4641244,0.9145675,-0.2688743,0.4540915,0.8926047,-0.2522877,0.4544056,0.8741987,-0.2491103,0.4813489,0.9195969,-0.2568298,0.4674372,0.8972555,-0.2353782,0.4633948,0.8770641,-0.2301174,0.5055721,0.9231198,-0.2527538,0.4946049,0.9034288,-0.2295096,0.4898642,0.8845087,-0.2222888,0.5293542,0.9226315,-0.2538654,0.5230631,0.9082294,-0.2348921,0.5184962,0.8934546,-0.2293805,0.5120473,0.9238662,-0.3061256,0.04160249,
1528811932188,0.4981943,0.9011738,-0.3346878,0.4752731,0.8826009,-0.3086086,0.4631642,0.8696418,-0.2890846,0.4638521,0.9147397,-0.2698903,0.454139,0.8925042,-0.2535528,0.4548818,0.8740815,-0.2506816,0.4808867,0.9197913,-0.2577629,0.4671274,0.8970473,-0.2366536,0.463295,0.8767445,-0.2315843,0.5049565,0.9235094,-0.2533928,0.4938954,0.9036713,-0.2302899,0.489147,0.8847431,-0.2230238,0.5286499,0.9231364,-0.2541785,0.5221556,0.9086225,-0.2354198,0.5175508,0.8937463,-0.2301833,0.5119018,0.923942,-0.3065687,0.03953604,
1528811932202,0.498148,0.9014417,-0.3348289,0.4752145,0.8830948,-0.3086083,0.4631525,0.8702878,-0.2889558,0.4635767,0.9151799,-0.270448,0.4540054,0.8927993,-0.2542561,0.4549383,0.8743733,-0.2515924,0.4805115,0.9201528,-0.258304,0.4668003,0.8971623,-0.237445,0.4630525,0.8767917,-0.2325583,0.5044984,0.9238988,-0.2537881,0.4933326,0.9039513,-0.2308031,0.4885225,0.8850255,-0.2235367,0.5281481,0.9235392,-0.2544055,0.5215188,0.9089623,-0.2357543,0.5168576,0.8940623,-0.2306318,0.5116838,0.9242788,-0.3068373,0.03847327,
1528811932217,0.4980444,0.9020408,-0.334857,0.4750382,0.8839917,-0.308504,0.4630149,0.871377,-0.2887051,0.4630259,0.9159542,-0.2711529,0.4535927,0.893338,-0.2552012,0.4547068,0.8749098,-0.2528021,0.4797886,0.9207196,-0.2589623,0.4661124,0.897278,-0.2386053,0.4624788,0.8767891,-0.2340879,0.5036198,0.9244368,-0.2541864,0.4922401,0.9041635,-0.2315795,0.4873267,0.8851651,-0.2244881,0.5271912,0.9240739,-0.2544906,0.5202824,0.909324,-0.2360788,0.5154974,0.8943895,-0.2311464,0.5113301,0.9248684,-0.306955,0.03702059,
1528811932240,0.4990043,0.9021516,-0.3344589,0.4758379,0.8843912,-0.3080695,0.4638296,0.8719751,-0.2881371,0.46275,0.9160242,-0.2722675,0.453589,0.8928283,-0.2568624,0.4549266,0.8743916,-0.2547739,0.4791282,0.920446,-0.2598586,0.4656632,0.8959655,-0.2406406,0.4624086,0.8752346,-0.2369728,0.502564,0.9241468,-0.2544989,0.4908524,0.9029648,-0.2328901,0.485893,0.8837222,-0.2264061,0.5259511,0.9238974,-0.2540709,0.5185323,0.9085765,-0.2363345,0.5135654,0.8935179,-0.2317632,0.5114083,0.9250795,-0.3066563,0.03461512,
1528811932254,0.4989344,0.9024192,-0.3343511,0.4758276,0.884693,-0.3078931,0.4639057,0.8723018,-0.2878933,0.4624191,0.9162099,-0.2725708,0.453359,0.892803,-0.2573858,0.4547803,0.8743623,-0.2554368,0.4787343,0.9205265,-0.2601052,0.4653829,0.8957162,-0.2412338,0.4622701,0.8749202,-0.2378633,0.5020539,0.9242073,-0.2546281,0.4902996,0.9027054,-0.23336,0.4853483,0.8833713,-0.2270923,0.5253943,0.9239885,-0.2540278,0.5178778,0.9084585,-0.2365173,0.51287,0.8933527,-0.2320614,0.5111302,0.9253512,-0.3065909,0.03377781,
1528811932280,0.4992081,0.9030391,-0.3337327,0.4764367,0.885368,-0.3069619,0.4648606,0.8730235,-0.2867333,0.4623398,0.9166137,-0.2727883,0.4536318,0.8927063,-0.2581121,0.4552808,0.8742578,-0.2565307,0.4785742,0.92066,-0.2602753,0.4656517,0.8950447,-0.2422388,0.4629772,0.8741014,-0.2396944,0.5016053,0.9242702,-0.2546606,0.4898631,0.9019547,-0.2342613,0.4850144,0.8823695,-0.2286397,0.5248302,0.9241426,-0.2537389,0.5171505,0.908126,-0.2367346,0.5120736,0.8929222,-0.2325787,0.5109542,0.9259797,-0.3061828,0.03170948,
1528811932294,0.4994192,0.9032342,-0.3324825,0.4767419,0.8857857,-0.3055063,0.4653986,0.8735573,-0.2850807,0.4617297,0.9167565,-0.272975,0.4531344,0.8922257,-0.2592042,0.4548638,0.8737345,-0.2581355,0.4776897,0.9203121,-0.2602708,0.4647677,0.8938247,-0.243586,0.462261,0.8727436,-0.2420119,0.5003597,0.9235013,-0.2543024,0.4881546,0.9001842,-0.235383,0.4833031,0.8802917,-0.2310503,0.523362,0.9232575,-0.2527443,0.5149945,0.906657,-0.2366431,0.5096497,0.8913505,-0.2333521,0.5106374,0.9259692,-0.3050261,0.02893185,
1528811932320,0.5004114,0.9049207,-0.3300166,0.4787043,0.8877509,-0.3022594,0.4688017,0.8754545,-0.2811011,0.4612101,0.9174162,-0.274039,0.452861,0.891209,-0.2636883,0.4549558,0.8726884,-0.2646821,0.4762177,0.919899,-0.2604568,0.4623259,0.8920335,-0.2470984,0.4593257,0.8708683,-0.2474077,0.4982305,0.9215275,-0.2537677,0.4846677,0.8962684,-0.2391431,0.4797153,0.8759215,-0.2383652,0.5206336,0.9204984,-0.2508494,0.5102849,0.9028686,-0.2371889,0.5041571,0.8876052,-0.2360992,0.5105872,0.9263274,-0.3025987,0.02165505,
1528811932341,0.5009348,0.9044929,-0.3280887,0.4802868,0.8875028,-0.2995083,0.4714533,0.875252,-0.2778404,0.4610417,0.916518,-0.2745736,0.4538115,0.8893623,-0.2666966,0.4570825,0.8711424,-0.2694446,0.4755359,0.9184027,-0.2607074,0.4621177,0.8893543,-0.2500484,0.4597563,0.8681305,-0.2522179,0.4970725,0.9196308,-0.253475,0.4833322,0.8933458,-0.2413013,0.4786391,0.8728834,-0.2423316,0.518886,0.9183226,-0.2500055,0.5076183,0.9000344,-0.2381184,0.5012827,0.8847734,-0.2383503,0.5102382,0.925476,-0.3011035,0.01714346,
1528811932360,0.501892,0.9044185,-0.3257605,0.4822642,0.8873297,-0.2965549,0.4744376,0.8750187,-0.2745517,0.4617676,0.9156854,-0.2737152,0.4559201,0.8880031,-0.2676387,0.4605239,0.8703515,-0.2718633,0.4759828,0.9172794,-0.2597872,0.4635549,0.8873569,-0.2511327,0.4623432,0.8663136,-0.2550989,0.4971857,0.918433,-0.2523837,0.4838506,0.8912939,-0.2420112,0.4797227,0.8707932,-0.2444141,0.5185759,0.9172148,-0.248667,0.5070268,0.8983366,-0.2381189,0.5007894,0.8830247,-0.2392629,0.5104819,0.9252272,-0.2991446,0.01491978,
1528811932375,0.50217,0.9044181,-0.3254005,0.4830036,0.8872627,-0.2959585,0.4758857,0.8748983,-0.2737772,0.461762,0.9152507,-0.2744638,0.4569517,0.8873905,-0.2697076,0.4626891,0.8704293,-0.2750777,0.475733,0.9166521,-0.2604061,0.4640069,0.8862702,-0.253159,0.4636405,0.8654972,-0.25837,0.4966528,0.9178121,-0.2527128,0.4835658,0.8902615,-0.2434802,0.4798499,0.8698082,-0.2468011,0.5177768,0.9165926,-0.2487828,0.5060625,0.8974003,-0.2391109,0.4999023,0.8820786,-0.2408262,0.5102083,0.9250982,-0.2989437,0.01399333,
1528811932401,0.5019863,0.9041036,-0.3257386,0.4836455,0.8871468,-0.2956789,0.4774604,0.874959,-0.2731563,0.461786,0.9150999,-0.2754711,0.4579028,0.8872063,-0.271477,0.4646257,0.8709776,-0.2777103,0.4757857,0.9164469,-0.2614891,0.4648387,0.8857424,-0.2550431,0.4652122,0.8652536,-0.2611623,0.4965162,0.9176966,-0.2538283,0.4838183,0.8898371,-0.2452314,0.4804921,0.8694214,-0.2491438,0.5173975,0.9165838,-0.2499214,0.5056399,0.8972045,-0.2407389,0.4995486,0.8818483,-0.2427044,0.5097651,0.9249746,-0.2997442,0.01418876,
1528811932430,0.5009463,0.9035494,-0.3268505,0.4826658,0.8866473,-0.2966719,0.4764414,0.8743972,-0.2742165,0.4608018,0.9147278,-0.2771315,0.457145,0.8869134,-0.2741775,0.4644773,0.8716473,-0.2816067,0.4746911,0.9155792,-0.2630755,0.4635246,0.8848175,-0.2574567,0.4638845,0.8646678,-0.2643974,0.495309,0.9162499,-0.255443,0.4821725,0.8882757,-0.2475007,0.478393,0.8679811,-0.2516373,0.5158832,0.9145553,-0.25177,0.5036665,0.8949168,-0.2437042,0.4973595,0.8796952,-0.2462073,0.5086751,0.9240374,-0.3009161,0.0143289,
1528811932785,0.5130727,0.9137094,-0.3408267,0.4937646,0.8973829,-0.3109096,0.4868832,0.8858004,-0.2883636,0.4722289,0.9246153,-0.2912989,0.4696189,0.8969699,-0.2870593,0.4778664,0.8819678,-0.2938907,0.4858061,0.9269253,-0.2769313,0.4758414,0.8963221,-0.2699127,0.4774367,0.8760091,-0.2762094,0.5063155,0.9292358,-0.268736,0.4939344,0.9017364,-0.258624,0.4909123,0.8811342,-0.2615034,0.5272683,0.9285456,-0.2648817,0.5158966,0.9092555,-0.2551219,0.5101513,0.8936547,-0.2564702,0.5201524,0.9352663,-0.3151948,0.01124905,
1528811932812,0.4983023,0.902153,-0.3428037,0.4777122,0.8859371,-0.3137162,0.46996,0.8742884,-0.2914849,0.4558888,0.9132801,-0.2946644,0.4525614,0.8855944,-0.2906634,0.4605751,0.8703069,-0.2971963,0.4689943,0.9151533,-0.2799032,0.4583673,0.884608,-0.2736803,0.4599228,0.8643566,-0.2801951,0.4891935,0.9171563,-0.2707639,0.4759696,0.8898444,-0.2611955,0.4725902,0.8693027,-0.2642124,0.5099728,0.9161505,-0.2660717,0.4978999,0.8971347,-0.2565773,0.4918136,0.8816566,-0.2579499,0.5047862,0.9232743,-0.3167406,0.01168542,
1528811932840,0.4976278,0.9038501,-0.3435691,0.4768036,0.8878819,-0.3145142,0.468766,0.8762609,-0.2923454,0.4554432,0.9158049,-0.2953652,0.4513866,0.8881549,-0.2914411,0.4589092,0.8726095,-0.2979684,0.4686125,0.917285,-0.2805795,0.4572542,0.8869727,-0.2744601,0.4582799,0.8667154,-0.2810606,0.4888354,0.9187137,-0.2715289,0.4749249,0.8916492,-0.2621035,0.4709379,0.8711854,-0.2650609,0.5095457,0.9172248,-0.2668318,0.4969825,0.898455,-0.2575096,0.4905347,0.883127,-0.2590014,0.504581,0.9247348,-0.3174062,0.01192096,
1528811932866,0.4979373,0.906021,-0.3457423,0.4769909,0.8904917,-0.3165411,0.4688603,0.8789897,-0.29434,0.4564463,0.9190884,-0.2972117,0.4517214,0.8916115,-0.2934934,0.4589248,0.8760719,-0.3003451,0.4697483,0.9201543,-0.2824238,0.457522,0.8902212,-0.2762625,0.4578881,0.8699934,-0.2829981,0.4900038,0.9209878,-0.2735257,0.4752533,0.894433,-0.2639796,0.4705654,0.8741101,-0.2669064,0.5107316,0.9188306,-0.2689953,0.4976221,0.9005207,-0.2595021,0.4906318,0.8854117,-0.2608447,0.5056282,0.9266366,-0.3195998,0.01197036,
1528811932881,0.4985386,0.9067131,-0.3465067,0.4774202,0.8913389,-0.3173501,0.4691829,0.8799464,-0.2951341,0.4568447,0.9200153,-0.2982409,0.4521563,0.892574,-0.294461,0.4594583,0.8770896,-0.3013031,0.4700371,0.9211814,-0.2833456,0.4577816,0.8913161,-0.2770841,0.4582109,0.8710822,-0.2837813,0.4902384,0.9220586,-0.2743489,0.4753813,0.8956072,-0.2646475,0.470628,0.875273,-0.2673967,0.5109291,0.9199216,-0.2697094,0.4977459,0.9017093,-0.2601867,0.490773,0.8865956,-0.2615446,0.5061384,0.9274634,-0.3204014,0.01186528,
1528811932908,0.5004306,0.9089403,-0.3501496,0.4789623,0.8939208,-0.3210728,0.4706628,0.8826963,-0.2988232,0.4587649,0.9229409,-0.3019592,0.4539229,0.8957052,-0.2981883,0.461425,0.8804831,-0.3052731,0.4718933,0.9241397,-0.2868851,0.459269,0.8945859,-0.2803729,0.4596064,0.874395,-0.2871192,0.4920231,0.9249786,-0.2777512,0.476718,0.8990217,-0.2676656,0.4717768,0.8787491,-0.2703589,0.5127435,0.9225956,-0.2730803,0.4992632,0.9048308,-0.2632078,0.4921095,0.8898119,-0.2644457,0.5082446,0.9297162,-0.3240418,0.01148201,
1528811932940,0.5036966,0.9119459,-0.3537626,0.4816422,0.8976272,-0.3247896,0.4732601,0.8869036,-0.3023787,0.4613479,0.9267392,-0.3064919,0.4568654,0.8997451,-0.3024744,0.465122,0.8850849,-0.3096516,0.474157,0.9283925,-0.2911735,0.4616839,0.8990411,-0.2843814,0.4626389,0.8789224,-0.2911431,0.494037,0.9298035,-0.2814781,0.4784945,0.904394,-0.2707183,0.4737096,0.8840741,-0.2730946,0.5148063,0.927564,-0.2764149,0.5011571,0.9103474,-0.265905,0.4940036,0.8953191,-0.2667375,0.5112011,0.933139,-0.327849,0.01106483,
1528811932959,0.5041289,0.9129239,-0.3551735,0.4820241,0.8991092,-0.3260252,0.4738405,0.8887178,-0.3034084,0.4624851,0.9284123,-0.3073846,0.4580079,0.9015825,-0.3029153,0.4663314,0.8869287,-0.3099936,0.475565,0.9302676,-0.2922295,0.4632494,0.9010749,-0.2849404,0.4643205,0.8809434,-0.2916127,0.4953892,0.9321977,-0.2825409,0.4796383,0.907418,-0.2707347,0.474573,0.8870829,-0.272367,0.5163431,0.9300196,-0.2776634,0.5025882,0.9135344,-0.2659591,0.4950622,0.898664,-0.2655654,0.5121403,0.934486,-0.3295026,0.01014655,
1528811932988,0.5048477,0.9146998,-0.3628835,0.4824979,0.9019699,-0.3334569,0.474431,0.8921555,-0.3105802,0.4645286,0.9318317,-0.3145459,0.4596354,0.9052677,-0.3096765,0.4677988,0.8905174,-0.3167208,0.4779601,0.9336153,-0.2996312,0.4652482,0.9047987,-0.2918231,0.4659771,0.8846128,-0.2983562,0.4977641,0.9359635,-0.2897844,0.4811676,0.9125353,-0.2763745,0.4751224,0.8924061,-0.2767678,0.51888,0.933266,-0.2853121,0.5047387,0.9180173,-0.2722908,0.4965976,0.9035882,-0.2706764,0.51393,0.9363491,-0.3375178,0.009185717,
1528811933001,0.5042382,0.9150025,-0.3676634,0.4821574,0.9032391,-0.3376864,0.4746144,0.8940378,-0.3144057,0.4650853,0.9334589,-0.3188921,0.4602588,0.9071445,-0.3134346,0.4684137,0.8924345,-0.3205258,0.4788138,0.9354481,-0.3043026,0.4661977,0.9068789,-0.2957442,0.4668404,0.8866103,-0.3020195,0.4987282,0.9383032,-0.2945406,0.4821171,0.9157341,-0.2798479,0.4758021,0.8956967,-0.2794266,0.5198901,0.9354886,-0.2904937,0.5058371,0.9209322,-0.2767429,0.4976833,0.9065812,-0.2748178,0.5141792,0.937166,-0.342801,0.008858629,
1528811933026,0.5055327,0.9144863,-0.3739879,0.4835832,0.9036201,-0.3436211,0.4764059,0.8949913,-0.3200343,0.4670549,0.934258,-0.3249594,0.4619657,0.90821,-0.3187025,0.469896,0.8933048,-0.3255609,0.4810479,0.9363866,-0.3106582,0.4683855,0.908136,-0.3013486,0.4689268,0.8877795,-0.3072987,0.5011212,0.9401205,-0.3005813,0.4843394,0.9190118,-0.2840859,0.4776508,0.8992345,-0.2826323,0.5224286,0.9369562,-0.2969242,0.5085934,0.9233255,-0.2822402,0.5003986,0.9090839,-0.2799022,0.5160406,0.9370508,-0.349605,0.008704348,
1528811933040,0.5075369,0.9146993,-0.3775681,0.4858725,0.9043735,-0.346828,0.4791491,0.8961771,-0.322986,0.4692502,0.9350513,-0.3284534,0.4642539,0.9091616,-0.3214931,0.4721453,0.8941902,-0.3281431,0.4834294,0.9374393,-0.314399,0.4711491,0.9092785,-0.3045276,0.4718921,0.8888645,-0.3102567,0.5036303,0.9423132,-0.3039626,0.4869853,0.9224772,-0.2856889,0.4802505,0.9029765,-0.2832954,0.5250973,0.9391518,-0.300572,0.511658,0.9264497,-0.2847041,0.503534,0.9123884,-0.2816378,0.5180886,0.9375741,-0.3536325,0.008921683,
1528811933066,0.510373,0.9135932,-0.3816872,0.4886311,0.9040343,-0.3507861,0.4822035,0.8963009,-0.3267681,0.472303,0.9347737,-0.3325795,0.4670088,0.909098,-0.3249824,0.4747187,0.8939773,-0.3313497,0.4865864,0.9372602,-0.3186798,0.4742427,0.9093783,-0.3083743,0.4750402,0.8889439,-0.3139481,0.5071037,0.9440547,-0.3073323,0.4895326,0.9286174,-0.2846324,0.4818458,0.911353,-0.2793688,0.5289388,0.9401892,-0.3041968,0.5160427,0.9297285,-0.2861485,0.5072221,0.9169676,-0.2798418,0.5212114,0.9366698,-0.3580642,0.009078189,
1528811933081,0.511003,0.9132508,-0.3843594,0.4890459,0.9041097,-0.3534853,0.4825223,0.8966083,-0.3294381,0.472891,0.9350629,-0.3354406,0.4672909,0.9095352,-0.3275832,0.4748837,0.8943051,-0.3337776,0.4872231,0.9374957,-0.32154,0.4746633,0.9097934,-0.3110544,0.4753483,0.8893297,-0.3165101,0.5079498,0.9451176,-0.3097507,0.4899864,0.9335825,-0.2844235,0.4822006,0.9192256,-0.2777151,0.5298886,0.9407172,-0.306644,0.5172611,0.9313172,-0.2877702,0.5081834,0.9196721,-0.2796561,0.5219539,0.936412,-0.3608616,0.009082049,
1528811933109,0.5150967,0.9094973,-0.3938131,0.492683,0.9005473,-0.3631804,0.4858195,0.8933685,-0.3391595,0.4755053,0.9315675,-0.3460383,0.4700355,0.9061636,-0.337788,0.4779893,0.8909024,-0.3434764,0.4896939,0.9344182,-0.3318409,0.4774672,0.9067363,-0.3211209,0.4786243,0.8862238,-0.3263423,0.5105083,0.9442934,-0.3190784,0.4929256,0.938462,-0.2913555,0.4852409,0.9278829,-0.2826127,0.5324718,0.9393917,-0.3157997,0.5202353,0.9315085,-0.2958898,0.5112435,0.9209307,-0.2863045,0.5252249,0.9332303,-0.3705118,0.009275207,
1528811933139,0.516614,0.9068149,-0.4011417,0.4938347,0.8979794,-0.3707621,0.48675,0.890932,-0.3467666,0.4760272,0.9287676,-0.3542913,0.470701,0.9033674,-0.3461086,0.4789687,0.8881809,-0.3516296,0.4899727,0.9317812,-0.3398452,0.4779589,0.9040259,-0.329414,0.4795879,0.8835804,-0.3347998,0.5105877,0.9424195,-0.3265546,0.4927971,0.9373983,-0.2988023,0.4849877,0.9270881,-0.2898252,0.5324744,0.9375083,-0.3229436,0.5200551,0.9302006,-0.3028652,0.5109676,0.9200362,-0.2929298,0.5264786,0.9306574,-0.3775539,0.009579462,
1528811933160,0.5192788,0.902023,-0.4093992,0.4964269,0.8932222,-0.3791372,0.4897859,0.8862197,-0.3550673,0.4777159,0.9240992,-0.3631953,0.4723081,0.8989205,-0.3550079,0.4809501,0.8839765,-0.3604946,0.4916442,0.9269855,-0.3487177,0.480211,0.8992339,-0.3391479,0.4831162,0.8793286,-0.3456581,0.5124642,0.9397948,-0.3345582,0.4950309,0.9379812,-0.306186,0.4869422,0.9288377,-0.2962466,0.5342392,0.934301,-0.3307828,0.5220287,0.9293896,-0.3096649,0.5128825,0.9208946,-0.2983737,0.5283,0.9259522,-0.3861308,0.01060939,
1528811933187,0.5252959,0.8894443,-0.4249306,0.5025935,0.8792472,-0.3950923,0.4974173,0.8717496,-0.3711159,0.4813824,0.9095483,-0.3797747,0.4769063,0.8842925,-0.3721089,0.4867267,0.8701879,-0.3776996,0.4946715,0.9125056,-0.3656229,0.4850038,0.8842146,-0.3581833,0.4911304,0.8658584,-0.3662107,0.5151648,0.9276947,-0.349816,0.4975794,0.9270808,-0.3214968,0.489699,0.91836,-0.3115196,0.5366644,0.922469,-0.345765,0.5239497,0.9179287,-0.3248868,0.5146942,0.909403,-0.3137589,0.5326995,0.9137104,-0.4012604,0.01265198,
1528811933214,0.5265986,0.881917,-0.4386651,0.5044672,0.8710871,-0.40862,0.5003409,0.863248,-0.3847578,0.4830138,0.9023072,-0.3925256,0.4780588,0.8771942,-0.3847882,0.4875968,0.8629826,-0.3904833,0.4962671,0.9051418,-0.3787389,0.4861156,0.877211,-0.3714159,0.4922973,0.8588301,-0.3793935,0.51834,0.9217929,-0.3626468,0.5022917,0.9244419,-0.333521,0.4929391,0.9178334,-0.3195768,0.5393088,0.9151626,-0.3591975,0.5270143,0.9119151,-0.337797,0.5178043,0.9042511,-0.3260164,0.5341868,0.9060736,-0.4149616,0.01397377,
1528811933241,0.5296185,0.8650694,-0.4585631,0.5073477,0.8539096,-0.4287335,0.5033641,0.8458905,-0.4050152,0.485729,0.886714,-0.4120219,0.4796473,0.8619566,-0.403717,0.48849,0.8471396,-0.4089952,0.4990226,0.8894106,-0.3982106,0.4876364,0.8619708,-0.3901547,0.4927465,0.8428335,-0.3973074,0.5219933,0.9061452,-0.3823134,0.5059087,0.9072661,-0.3534262,0.4954036,0.8995374,-0.3379266,0.5424675,0.8987703,-0.378942,0.5299042,0.8960128,-0.357751,0.5204111,0.8880256,-0.3464919,0.5374632,0.8893304,-0.4346175,0.01544803,
1528811933255,0.5312706,0.8566328,-0.4646468,0.5081464,0.8448881,-0.4357626,0.5039654,0.8366417,-0.4122812,0.4863173,0.8784832,-0.4188021,0.479912,0.8537384,-0.4106191,0.4887623,0.8388082,-0.415617,0.4992315,0.8810943,-0.4047731,0.4876392,0.8536583,-0.3971654,0.4930431,0.8345714,-0.4042262,0.5221119,0.8981966,-0.3881146,0.5055662,0.8989109,-0.3596952,0.4944468,0.8915241,-0.3436565,0.5419585,0.8904027,-0.3844866,0.5284275,0.8874031,-0.364001,0.5185304,0.8786949,-0.3538251,0.5386911,0.8811908,-0.4401304,0.01571488,
1528811933281,0.5366842,0.8358066,-0.4772671,0.5115412,0.82309,-0.4505978,0.506081,0.8142556,-0.4277394,0.489375,0.8578041,-0.4334473,0.4822847,0.832996,-0.426115,0.4912599,0.818027,-0.4308555,0.5013865,0.8601012,-0.4185651,0.48915,0.8327497,-0.4121735,0.4949493,0.8138617,-0.4193809,0.5229989,0.8761756,-0.4004883,0.5041828,0.8747478,-0.3738917,0.4915296,0.8672235,-0.3584755,0.54271,0.8681426,-0.3957394,0.5277066,0.8640015,-0.3766708,0.5172457,0.8542539,-0.3682092,0.5429283,0.8603544,-0.4515447,0.01560759,
1528811933298,0.5416535,0.8189734,-0.4875627,0.5143629,0.8055923,-0.4635126,0.5073109,0.7964664,-0.441281,0.4910574,0.8409458,-0.4472796,0.4836462,0.8160704,-0.4407641,0.4931233,0.8012755,-0.4450586,0.501848,0.8431464,-0.431306,0.4894653,0.8157349,-0.4261172,0.496091,0.7971686,-0.4333307,0.5211431,0.8578985,-0.4118693,0.499652,0.8534576,-0.3880355,0.4858324,0.8435467,-0.3750887,0.5410565,0.8506894,-0.4051833,0.5247535,0.8455098,-0.3876132,0.5140582,0.8347982,-0.3809202,0.5458825,0.8436719,-0.4608143,0.01544949,
1528811933320,0.5473989,0.7926668,-0.5009633,0.5183522,0.7783478,-0.4797662,0.5097909,0.7684968,-0.4584018,0.4938254,0.8140638,-0.46417,0.486053,0.7890523,-0.4591085,0.4959485,0.7744814,-0.4632745,0.5033742,0.8155454,-0.4473221,0.4910468,0.78798,-0.4442405,0.4986835,0.7700244,-0.4518903,0.5200936,0.8271742,-0.4267564,0.4962604,0.8179182,-0.406935,0.4821475,0.8047273,-0.3978096,0.539977,0.8214819,-0.4179779,0.5223309,0.8145436,-0.4026103,0.5115908,0.8027617,-0.3982331,0.5495986,0.8167799,-0.4728507,0.01584836,
1528811933354,0.5528901,0.7657312,-0.5144973,0.5218478,0.7514735,-0.4963073,0.5110725,0.7417666,-0.4758907,0.4975556,0.7889494,-0.4808409,0.4892777,0.7641447,-0.475791,0.4991088,0.7493641,-0.4794652,0.5061075,0.790333,-0.4633802,0.4934517,0.7627655,-0.4605322,0.5010255,0.7445927,-0.4677489,0.5208429,0.7984371,-0.4437905,0.4980478,0.7821123,-0.4306941,0.4897296,0.7624958,-0.4300914,0.5403678,0.7949739,-0.4321579,0.5223134,0.7859099,-0.4190387,0.5127439,0.7726564,-0.4175109,0.5534397,0.7907367,-0.4862503,0.01461613,
1528811933373,0.5563665,0.7470757,-0.5232001,0.5244381,0.733077,-0.5063122,0.5125864,0.7231828,-0.4865455,0.5012355,0.7714775,-0.4891756,0.491956,0.7468902,-0.4842985,0.5010419,0.7316524,-0.4880777,0.5097177,0.7723461,-0.4715329,0.4960815,0.7450951,-0.4688551,0.5028019,0.7266616,-0.4762521,0.5244188,0.778677,-0.452513,0.5021944,0.7610003,-0.4415226,0.4954225,0.7412026,-0.4429251,0.5437354,0.775068,-0.440306,0.5256224,0.7652802,-0.4281311,0.5165966,0.7516731,-0.4281029,0.5572824,0.7717312,-0.4941295,0.01439987,
1528811933400,0.5580744,0.7136747,-0.5381525,0.5248286,0.7006716,-0.5230447,0.5116047,0.6904293,-0.5043097,0.5043091,0.7397227,-0.5021014,0.4932519,0.7156957,-0.4981259,0.5010769,0.6999688,-0.5026765,0.5128645,0.7391312,-0.4844567,0.497426,0.7127091,-0.4828058,0.502732,0.6941829,-0.4910713,0.5278506,0.7428635,-0.4658509,0.5053338,0.7249413,-0.4569064,0.4998508,0.7055699,-0.4610661,0.5469524,0.7379759,-0.4533966,0.5285249,0.7280949,-0.4421363,0.5194034,0.7147323,-0.4436641,0.5604245,0.7368653,-0.5073607,0.01430047,
1528811933427,0.5571593,0.6932442,-0.5463328,0.5231079,0.681374,-0.5319924,0.5086811,0.6711586,-0.5139819,0.5053406,0.7203261,-0.5078291,0.4933963,0.696771,-0.5042756,0.5004698,0.6809479,-0.5096537,0.5141686,0.7187539,-0.4904639,0.4977506,0.6929942,-0.4893002,0.5022084,0.6746269,-0.4983597,0.5296061,0.7212578,-0.4720753,0.5064962,0.7040302,-0.4631535,0.5005678,0.6852199,-0.4680511,0.5487769,0.7153721,-0.4599786,0.5302846,0.7060831,-0.4484652,0.5206265,0.693163,-0.4502573,0.5611734,0.7153084,-0.5144264,0.01349036,
1528811933443,0.5560808,0.6689091,-0.555833,0.5221056,0.656917,-0.5414091,0.5077456,0.6461139,-0.5236418,0.5063668,0.6944898,-0.5136422,0.4945967,0.6708554,-0.5106671,0.5014671,0.6553769,-0.5171971,0.5158104,0.6921604,-0.4967005,0.4993265,0.6664813,-0.4959533,0.5033123,0.6485742,-0.5060822,0.5319794,0.6937866,-0.478847,0.5090384,0.676395,-0.469518,0.5028544,0.6579981,-0.4749894,0.5516133,0.6873637,-0.4677114,0.533695,0.6777381,-0.4558489,0.5241563,0.664908,-0.4582238,0.5617005,0.6894313,-0.5227696,0.01291344,
1528811933467,0.5552001,0.6364259,-0.5684521,0.5215561,0.623779,-0.5537895,0.5074681,0.6120135,-0.5363481,0.5078059,0.6591957,-0.5222201,0.4963451,0.6353263,-0.5201724,0.5029743,0.6203825,-0.5280483,0.5179818,0.6559238,-0.5058717,0.5016304,0.6301589,-0.5058992,0.505163,0.61297,-0.5173404,0.5349215,0.6566975,-0.488614,0.5122296,0.6389443,-0.4788322,0.5054408,0.6209615,-0.4847268,0.5551097,0.6496713,-0.4787669,0.537895,0.6394075,-0.4665664,0.5283965,0.6267244,-0.4694671,0.5624475,0.6548856,-0.5342655,0.01261433,
1528811933494,0.5532663,0.6197953,-0.5722362,0.5194595,0.6073484,-0.5576521,0.5050979,0.5951905,-0.5406944,0.5085384,0.6407605,-0.5226959,0.4970442,0.6168908,-0.5214549,0.5033309,0.602423,-0.5303963,0.5192386,0.6367334,-0.5068355,0.5025582,0.611231,-0.5073757,0.5054387,0.5946243,-0.5197909,0.5368531,0.636695,-0.4901934,0.5141,0.6191334,-0.4798943,0.506679,0.6016661,-0.4860742,0.5574216,0.6288114,-0.4815299,0.540709,0.618255,-0.4691444,0.5311078,0.6058425,-0.4725971,0.5625227,0.6363429,-0.5370013,0.01270758,
1528811933520,0.5512058,0.5869792,-0.5800988,0.5168632,0.5750859,-0.5661148,0.5016379,0.5624701,-0.5502145,0.508788,0.6055074,-0.5278671,0.4966071,0.5820356,-0.5284892,0.5023866,0.5683398,-0.5388446,0.5195768,0.599916,-0.5125698,0.5019749,0.5752791,-0.5148498,0.5041625,0.5597959,-0.5287412,0.537545,0.5979666,-0.4963453,0.5143166,0.5807036,-0.4868701,0.5061412,0.5641378,-0.4943389,0.5580769,0.5885433,-0.4888172,0.5413468,0.5778027,-0.4767999,0.5312452,0.5661291,-0.4811547,0.5620067,0.6001496,-0.5438183,0.01281757,
1528811933543,0.5466008,0.5669898,-0.5868407,0.5123838,0.5557997,-0.5719523,0.4972056,0.5430323,-0.5561041,0.5073151,0.5841962,-0.5322193,0.4944915,0.5612141,-0.5339115,0.4996093,0.5481908,-0.5454036,0.5183486,0.5774404,-0.5177051,0.4999179,0.5536879,-0.5208884,0.5013167,0.5391563,-0.535856,0.536867,0.5740402,-0.5021029,0.5134942,0.5572585,-0.4927026,0.5045215,0.5414666,-0.5009773,0.5572395,0.5633197,-0.4960431,0.5406231,0.5525985,-0.4840626,0.530063,0.5416532,-0.4890066,0.5594433,0.577737,-0.5504675,0.01211974,
1528811933575,0.5415289,0.5361204,-0.5954936,0.5081705,0.5247619,-0.578992,0.4943765,0.5115104,-0.5624841,0.5055193,0.5517578,-0.53912,0.492898,0.5285693,-0.5414156,0.4976679,0.515977,-0.5535303,0.5170996,0.544717,-0.5251441,0.4985543,0.5209552,-0.5284305,0.4992564,0.5069141,-0.5439026,0.5362289,0.5408142,-0.5104262,0.513541,0.5235851,-0.5011269,0.504509,0.5080314,-0.5100946,0.5570437,0.5301684,-0.5052933,0.5411905,0.5193618,-0.4924848,0.5303769,0.5086657,-0.4971979,0.5562234,0.5458058,-0.5596665,0.01053348,
1528811933600,0.5378219,0.5201985,-0.5984433,0.5054647,0.5087082,-0.5803155,0.4933689,0.4951251,-0.563035,0.5042089,0.5356919,-0.5417036,0.4919578,0.5123239,-0.5445449,0.4968914,0.5000921,-0.5569446,0.5160915,0.528702,-0.5277587,0.4974173,0.5049165,-0.5308778,0.4976703,0.491092,-0.5465128,0.535582,0.5248741,-0.5134267,0.5132121,0.5078281,-0.5037168,0.5041046,0.4924572,-0.5128822,0.5568101,0.513963,-0.5088835,0.5416646,0.5031999,-0.4953677,0.5306976,0.4926663,-0.4998802,0.5539473,0.5297492,-0.5632411,0.008612382,
1528811933615,0.5358378,0.5133227,-0.6011404,0.5038567,0.5016912,-0.582534,0.4922813,0.4879282,-0.5650715,0.5026146,0.528671,-0.544633,0.4905538,0.5053054,-0.547888,0.495827,0.4933313,-0.5603604,0.5145474,0.5215976,-0.5306184,0.4959181,0.4978459,-0.5339743,0.496274,0.4842667,-0.5497822,0.5340189,0.5180351,-0.5161594,0.5114607,0.5013748,-0.5060478,0.5021371,0.486086,-0.5149676,0.5554187,0.5068653,-0.5117633,0.5404481,0.4962509,-0.4980448,0.529435,0.4857982,-0.5025462,0.5522104,0.5227772,-0.5661308,0.007997533,
1528811933640,0.528878,0.491328,-0.6114152,0.4978703,0.4795835,-0.5914228,0.4874503,0.4656773,-0.5733694,0.4974549,0.5067926,-0.5546796,0.4857048,0.4833179,-0.5581079,0.4912197,0.4715493,-0.5706446,0.5097482,0.4998395,-0.5406258,0.4911808,0.4760894,-0.5436425,0.4914287,0.4627701,-0.5595919,0.529598,0.4967988,-0.5263977,0.5072121,0.4806731,-0.5151763,0.4974379,0.4653373,-0.5234979,0.551156,0.4851539,-0.5228043,0.5366498,0.4745409,-0.5089113,0.5255639,0.4641052,-0.5134771,0.5462199,0.5008871,-0.5771329,0.007490913,
1528811933654,0.5269158,0.4864761,-0.6123375,0.4961685,0.474646,-0.5920443,0.4860985,0.4606493,-0.5738856,0.4957892,0.5018802,-0.5556598,0.4841447,0.4783944,-0.5592301,0.4897924,0.4666944,-0.5717756,0.5081487,0.4949183,-0.5415679,0.4896295,0.4711866,-0.5446224,0.4899309,0.4579987,-0.5606561,0.5280616,0.4920109,-0.5273342,0.5057014,0.4760341,-0.5159059,0.4958261,0.4607011,-0.5241199,0.5496131,0.4802029,-0.5239458,0.5351629,0.4695662,-0.5100994,0.5240536,0.4591372,-0.5147245,0.5444077,0.4960243,-0.5782198,0.007391936,
1528811933680,0.5204507,0.4766831,-0.6185765,0.4905948,0.4646259,-0.5972763,0.4817274,0.4504099,-0.5787416,0.4906926,0.4920401,-0.5617242,0.4793386,0.4684387,-0.565441,0.4851245,0.4568501,-0.5780473,0.5032964,0.4851411,-0.5478225,0.4849566,0.4613396,-0.5508825,0.4852964,0.4483296,-0.5670493,0.5235474,0.4826826,-0.533595,0.501421,0.4670258,-0.5213712,0.4912522,0.4516458,-0.5291421,0.5451531,0.4705361,-0.5308648,0.531034,0.4598182,-0.516921,0.5198525,0.4493712,-0.521524,0.5387177,0.4863566,-0.5849726,0.007314236,
