time,thumb1x,thumb1y,thumb1z,thumb2x,thumb2y,thumb2z,thumb3x,thumb3y,thumb3z,index1x,index1y,index1z,index2x,index2y,index2z,index3x,index3y,index3z,middle1x,middle1y,middle1z,middle2x,middle2y,middle2z,middle3x,middle3y,middle3z,ring1x,ring1y,ring1z,ring2x,ring2y,ring2z,ring3x,ring3y,ring3z,pinky1x,pinky1y,pinky1z,pinky2x,pinky2y,pinky2z,pinky3x,pinky3y,pinky3z,palmx,palmy,palmz,pinch,
1529413984201,0.8811038,0.6211113,-0.8609514,0.8602065,0.614557,-0.8303549,0.8545488,0.6039587,-0.8088455,0.8741015,0.6475499,-0.7928604,0.8597987,0.6339713,-0.7775962,0.8539633,0.6191758,-0.7840607,0.8886819,0.6385176,-0.7862588,0.8690035,0.6238036,-0.7712843,0.8597021,0.6083221,-0.7795485,0.9086916,0.6271563,-0.7861318,0.8907017,0.6136968,-0.7700176,0.8787953,0.5995524,-0.7764437,0.9258443,0.614096,-0.7902312,0.9129404,0.6054281,-0.7753928,0.900878,0.5962304,-0.7789782,0.9077111,0.6284924,-0.838047,0.02908927,
1529413984227,0.895515,0.6292571,-0.8633842,0.8745508,0.6247867,-0.8324156,0.8683602,0.6156865,-0.8102765,0.8897916,0.6583958,-0.7967881,0.875397,0.6450852,-0.7815686,0.8697433,0.6302912,-0.7881088,0.9043747,0.6495857,-0.7899231,0.8845879,0.6353853,-0.774673,0.875239,0.6197625,-0.7826246,0.9242037,0.6381284,-0.7894077,0.9060222,0.6254735,-0.7727137,0.8938182,0.6112335,-0.7784068,0.9410954,0.6248221,-0.7929966,0.928057,0.6170478,-0.7777635,0.9158275,0.6078871,-0.7808762,0.9227083,0.6371511,-0.8410935,0.0265823,
1529413984255,0.9062768,0.633284,-0.8634395,0.8858306,0.6293753,-0.8320344,0.8796875,0.6208116,-0.8095773,0.9021298,0.662896,-0.7973086,0.8879046,0.6493465,-0.7819071,0.882123,0.6345065,-0.7882602,0.9169689,0.6542901,-0.7905633,0.8973345,0.6400898,-0.774519,0.8874025,0.6243275,-0.7815832,0.9366518,0.6427896,-0.7903908,0.9186361,0.6301535,-0.7731458,0.9060971,0.6158449,-0.7780806,0.9533851,0.6294937,-0.7941388,0.9404943,0.6218058,-0.7785997,0.9281259,0.6126418,-0.7812318,0.9340991,0.6414829,-0.8418809,0.02545395,
1529413984281,0.9243785,0.637513,-0.8640578,0.9047343,0.6345114,-0.8320371,0.898935,0.6267558,-0.8091158,0.9221253,0.6689153,-0.7986631,0.9083774,0.6557271,-0.7821964,0.9022335,0.6406355,-0.7875616,0.9372572,0.6605939,-0.7920382,0.9181746,0.6468214,-0.7746223,0.9077992,0.6308323,-0.7804527,0.9568713,0.649137,-0.7921774,0.9394005,0.6369337,-0.7737592,0.9265969,0.6224509,-0.7774109,0.9734617,0.6358089,-0.7960472,0.9610075,0.6284892,-0.779879,0.9485819,0.6192157,-0.7817493,0.9528322,0.6463153,-0.8434799,0.02584782,
1529413984316,0.939847,0.6425289,-0.8651923,0.920995,0.6402709,-0.8326201,0.9154739,0.6331488,-0.8093594,0.9398475,0.6755458,-0.8003857,0.9263639,0.6630431,-0.7827799,0.9196023,0.6477959,-0.7869201,0.9551756,0.6670876,-0.7939932,0.9364594,0.6539837,-0.7751819,0.9253697,0.6379839,-0.7795758,0.9745425,0.655358,-0.7945387,0.9574583,0.6437475,-0.7749341,0.9441879,0.6293467,-0.7771183,0.9907755,0.6417396,-0.7986424,0.9786268,0.6347893,-0.7818763,0.9660013,0.6256053,-0.7828413,0.9689952,0.651632,-0.8456327,0.02711282,
1529413984347,0.9583057,0.6456575,-0.867379,0.9405283,0.643397,-0.8341969,0.9356382,0.6363299,-0.8107526,0.9609333,0.6793294,-0.8025201,0.9481485,0.6674145,-0.783903,0.9409264,0.6522154,-0.7872646,0.9764341,0.6707058,-0.7965896,0.9585,0.6581573,-0.7765882,0.9469894,0.6422894,-0.7801272,0.9955859,0.6586224,-0.7978598,0.9792826,0.6472985,-0.7773846,0.9658144,0.633045,-0.7788749,1.011465,0.6447507,-0.802544,0.9999292,0.6378742,-0.7852905,0.987214,0.6288066,-0.7857571,0.9881212,0.654811,-0.8488563,0.0288444,
1529413984374,0.9699819,0.6471094,-0.8699962,0.9529061,0.645695,-0.8363843,0.9485207,0.6393244,-0.8126535,0.9745411,0.6827217,-0.8060246,0.9624478,0.6714908,-0.7863883,0.9551059,0.6561275,-0.7886479,0.9903016,0.6743531,-0.8003408,0.9731399,0.662442,-0.7792161,0.9615654,0.6464082,-0.7816541,1.00947,0.6622927,-0.8019119,0.9939346,0.6515133,-0.7805195,0.9805275,0.6371361,-0.7810435,1.025258,0.6483364,-0.8067434,1.01429,0.6418328,-0.7889872,1.001651,0.6326571,-0.7888649,1.00045,0.6569205,-0.8525336,0.03003285,
1529413984400,0.9819655,0.6487525,-0.8721979,0.9658044,0.6476732,-0.8381116,0.9619228,0.6415522,-0.8142122,0.9892275,0.684799,-0.8085464,0.9777167,0.6739718,-0.7881339,0.9700005,0.6586419,-0.7895067,1.005134,0.676295,-0.803353,0.9886461,0.6648211,-0.7812694,0.9766958,0.6489084,-0.7827181,1.02404,0.6639261,-0.8055696,1.009144,0.6533828,-0.7835361,0.9955653,0.6391354,-0.783362,1.039483,0.6497377,-0.8108814,1.029023,0.6433275,-0.792735,1.016305,0.6342809,-0.7921003,1.013218,0.658442,-0.8558137,0.03110734,
1529413984427,0.9962704,0.6511753,-0.8757741,0.9808437,0.6507097,-0.8413155,0.9773337,0.6450237,-0.8172487,1.00598,0.6879139,-0.812668,0.9950122,0.6776024,-0.7915948,0.9870433,0.6623222,-0.7922017,1.022047,0.6793344,-0.8078502,1.006234,0.6684734,-0.7848526,0.9939896,0.6526885,-0.785302,1.040735,0.6666933,-0.8105465,1.026517,0.6566321,-0.7877785,1.012794,0.6425354,-0.7867433,1.055848,0.6522218,-0.8162091,1.045943,0.6460855,-0.7976304,1.03317,0.6371721,-0.7964101,1.028207,0.6607019,-0.8603836,0.03195097,
1529413984454,1.007772,0.6523104,-0.8793943,0.9932441,0.6519223,-0.844533,0.9901152,0.6462603,-0.8203781,1.020529,0.6888614,-0.816298,1.010175,0.6792562,-0.7943224,1.001712,0.6642038,-0.7937629,1.036617,0.6798117,-0.8120467,1.021539,0.6695794,-0.7880739,1.008842,0.654144,-0.7874497,1.054795,0.6665304,-0.8155118,1.041172,0.6566322,-0.7922897,1.02719,0.6428118,-0.7907569,1.06933,0.6517142,-0.8217884,1.059845,0.6455685,-0.8029993,1.046935,0.6369044,-0.8015292,1.0405,0.6611519,-0.8649707,0.03412951,
1529413984481,1.022847,0.6523876,-0.8834502,1.009048,0.6521634,-0.8482453,1.005918,0.6468831,-0.8239235,1.037984,0.6890136,-0.8205816,1.028354,0.68003,-0.7977561,1.019638,0.665168,-0.79598,1.054272,0.6798176,-0.8167655,1.040172,0.6702907,-0.7916331,1.027221,0.6551647,-0.7895585,1.072024,0.6661278,-0.8208718,1.059178,0.6565137,-0.7969678,1.045099,0.6428785,-0.7945093,1.086062,0.6510659,-0.827662,1.077036,0.6449572,-0.8086281,1.064092,0.6364044,-0.806796,1.056072,0.6608925,-0.8699371,0.03610259,
1529413984516,1.036149,0.6525504,-0.8890119,1.022995,0.6524293,-0.853507,1.019652,0.6475668,-0.829031,1.054587,0.6888262,-0.8261423,1.046047,0.6809043,-0.8020381,1.037061,0.6664982,-0.7981622,1.071056,0.679312,-0.8229504,1.058404,0.67088,-0.7961779,1.045232,0.6563653,-0.7916822,1.088169,0.6649886,-0.827925,1.076403,0.6557168,-0.8031129,1.062262,0.6423966,-0.7993275,1.101497,0.6495494,-0.8354558,1.093083,0.6433617,-0.8161479,1.080086,0.6349834,-0.8138609,1.070147,0.6603994,-0.8765333,0.04017882,
1529413984548,1.047986,0.6520717,-0.895061,1.035213,0.6521182,-0.8593697,1.031563,0.6477405,-0.8347714,1.069174,0.6881576,-0.8322107,1.061737,0.6813593,-0.8071576,1.05283,0.6673909,-0.80168,1.085872,0.6783485,-0.8295919,1.074706,0.6708931,-0.8015801,1.0617,0.6568896,-0.7951641,1.10252,0.6635342,-0.8353042,1.09193,0.6545488,-0.8096464,1.077949,0.6414433,-0.8045003,1.115294,0.6478692,-0.8434903,1.107568,0.6416028,-0.8238707,1.094634,0.6332847,-0.8210182,1.082742,0.6593088,-0.8834283,0.04397103,
1529413984574,1.056431,0.6520565,-0.8998966,1.043936,0.6524069,-0.8640783,1.040023,0.648509,-0.839384,1.079323,0.6880836,-0.8372239,1.072507,0.6820425,-0.8117282,1.063611,0.668388,-0.8054979,1.096133,0.6780784,-0.8348907,1.085907,0.6714622,-0.8061575,1.073014,0.6579139,-0.7985975,1.112521,0.6629483,-0.8409327,1.102855,0.6545404,-0.8145201,1.089037,0.6417712,-0.8081237,1.124877,0.646943,-0.8494457,1.117813,0.6408365,-0.8293921,1.104978,0.6326683,-0.825712,1.091537,0.658817,-0.8888034,0.04582391,
1529413984600,1.063906,0.6506085,-0.9027854,1.051851,0.6512578,-0.8668006,1.047988,0.6478652,-0.8419846,1.088122,0.6872505,-0.8406777,1.082257,0.6817647,-0.8147061,1.073773,0.6682675,-0.8075239,1.105206,0.6774629,-0.8387092,1.096161,0.6713508,-0.8093511,1.083779,0.6579291,-0.8007479,1.121704,0.6625081,-0.8450961,1.113337,0.6545607,-0.8179162,1.100105,0.6418641,-0.8102062,1.133815,0.6463768,-0.8539132,1.127419,0.6402588,-0.833592,1.114842,0.6319332,-0.8293611,1.09935,0.6576845,-0.8924761,0.04763044,
1529413984628,1.075924,0.6486109,-0.9066731,1.064709,0.6495345,-0.8704157,1.061285,0.6464373,-0.8454787,1.102577,0.6853219,-0.8452734,1.09802,0.6803933,-0.8187942,1.089938,0.6672004,-0.8105634,1.119778,0.6755229,-0.8438616,1.112229,0.669886,-0.8138838,1.100339,0.6567177,-0.8042374,1.136093,0.6605669,-0.850802,1.129243,0.6530462,-0.8229355,1.116572,0.6405602,-0.8140191,1.147599,0.6441576,-0.8600671,1.141908,0.6379479,-0.8395656,1.129483,0.6296014,-0.8349204,1.111802,0.6555377,-0.8974389,0.04971097,
1529413984654,1.083709,0.6476305,-0.9087911,1.072921,0.649166,-0.8724217,1.069685,0.6464784,-0.8474041,1.112593,0.6843511,-0.8480377,1.109055,0.6801442,-0.8211995,1.10118,0.6673603,-0.8121362,1.129725,0.6743566,-0.8469369,1.123266,0.6694092,-0.8165547,1.111606,0.6566106,-0.8062027,1.145718,0.6591659,-0.8541605,1.139948,0.6522813,-0.8258116,1.127586,0.6401608,-0.8160434,1.156551,0.6423143,-0.8636214,1.151277,0.636227,-0.8429927,1.138858,0.6280306,-0.8380811,1.120067,0.653967,-0.9002631,0.05168989,
1529413984681,1.093803,0.645865,-0.9124192,1.083364,0.6483572,-0.8759927,1.080248,0.6463591,-0.8508877,1.125208,0.6834656,-0.8528231,1.123089,0.6805912,-0.8255655,1.115622,0.6684489,-0.8153851,1.142389,0.6734532,-0.8519608,1.137618,0.670072,-0.820962,1.126485,0.6580075,-0.8093059,1.158079,0.6579596,-0.8593122,1.154018,0.6524869,-0.8302414,1.1423,0.6410186,-0.8190843,1.168229,0.6404407,-0.8687581,1.16386,0.6348796,-0.8477647,1.151622,0.6268984,-0.8421878,1.130656,0.6516896,-0.9046559,0.05476946,
1529413984714,1.10231,0.6442029,-0.9140512,1.091784,0.6482407,-0.8777745,1.088335,0.6474752,-0.8526162,1.135981,0.6835679,-0.8561151,1.135415,0.6825369,-0.8284416,1.128504,0.671533,-0.8166318,1.153157,0.6735796,-0.8551579,1.15024,0.6725317,-0.8235284,1.139873,0.6618583,-0.8099075,1.168719,0.6578579,-0.8622309,1.166964,0.6549856,-0.8322192,1.156524,0.6450503,-0.8185188,1.178124,0.6393476,-0.8711125,1.175103,0.6349702,-0.849352,1.163466,0.6275117,-0.8419715,1.139642,0.6496612,-0.9068201,0.05905247,
1529413984747,1.108191,0.6424947,-0.9162009,1.096937,0.6484559,-0.8803878,1.092613,0.6494292,-0.8553315,1.143564,0.6849322,-0.8605001,1.144979,0.6862835,-0.8325363,1.139193,0.6769192,-0.8187951,1.160905,0.6752261,-0.8592147,1.160263,0.6769501,-0.8271679,1.151242,0.6681001,-0.8113487,1.176509,0.65957,-0.8657461,1.17748,0.660007,-0.835118,1.169161,0.6523359,-0.8186176,1.18575,0.6402034,-0.8736384,1.184636,0.6374549,-0.8511691,1.174089,0.6307031,-0.8416988,1.145978,0.648416,-0.9093487,0.06527056,
1529413984775,1.110449,0.642414,-0.9173228,1.098633,0.6496012,-0.8819076,1.093637,0.6516762,-0.8570077,1.147376,0.6859263,-0.8627766,1.149755,0.6886122,-0.8348628,1.144567,0.6802129,-0.8202348,1.16487,0.6762013,-0.8614844,1.165556,0.6794269,-0.8294305,1.157336,0.6716659,-0.8125852,1.180408,0.6604295,-0.8678935,1.182986,0.6625427,-0.837256,1.175953,0.6562265,-0.8195473,1.189714,0.6407304,-0.875443,1.190313,0.6390672,-0.8526682,1.180817,0.6329619,-0.8417242,1.148808,0.6481368,-0.9107506,0.06899586,
1529413984800,1.112102,0.6412656,-0.9174988,1.099202,0.6498378,-0.8827688,1.093175,0.65312,-0.8581998,1.149331,0.6857886,-0.8635067,1.15179,0.6894875,-0.8356781,1.146688,0.681752,-0.8206304,1.166935,0.676064,-0.8618966,1.167903,0.6804334,-0.8299534,1.15985,0.6734064,-0.8126925,1.18246,0.6600899,-0.8678348,1.185377,0.6633059,-0.8372762,1.178696,0.6578285,-0.8191088,1.192106,0.6402212,-0.8749457,1.193759,0.6395493,-0.8520063,1.185093,0.6341159,-0.8400378,1.150876,0.6467549,-0.9105294,0.07137846,
1529413984828,1.110212,0.6405439,-0.9171277,1.095927,0.6495891,-0.8830535,1.088567,0.6532831,-0.8588696,1.147965,0.6827121,-0.861128,1.150493,0.686781,-0.8331492,1.145237,0.6800174,-0.8176163,1.165125,0.6721274,-0.8589532,1.16623,0.6768156,-0.8268561,1.158113,0.6708208,-0.8091612,1.179973,0.6555078,-0.8644779,1.182799,0.6588323,-0.8337797,1.176078,0.6541396,-0.8153489,1.18905,0.6352412,-0.871478,1.190895,0.6346358,-0.8483478,1.182541,0.6298631,-0.8358389,1.149113,0.6440111,-0.9084336,0.07502022,
1529413984854,1.1063,0.6391848,-0.9183426,1.090031,0.6488405,-0.885371,1.081428,0.6524514,-0.8616152,1.141585,0.6802538,-0.8597989,1.143001,0.6853914,-0.8316153,1.137201,0.6804417,-0.8154467,1.157954,0.6684606,-0.8559345,1.157823,0.6738075,-0.8236209,1.149084,0.6693502,-0.8056837,1.171532,0.6509175,-0.8598688,1.171516,0.6541381,-0.8290074,1.162878,0.6499338,-0.8112306,1.17995,0.6300218,-0.8659037,1.179217,0.6291729,-0.8427148,1.169475,0.6249105,-0.8308942,1.144343,0.640789,-0.9064037,0.0776244,
1529413984882,1.098727,0.6336157,-0.9162705,1.07954,0.6433978,-0.8849685,1.068991,0.6467491,-0.8619845,1.128869,0.6753461,-0.8551024,1.128898,0.6815005,-0.8269114,1.122373,0.677874,-0.8106028,1.144223,0.6629136,-0.8490552,1.142046,0.6688112,-0.8167217,1.13238,0.6654378,-0.7989311,1.156678,0.6450183,-0.8510916,1.152774,0.6483759,-0.8204836,1.141933,0.6445253,-0.8038123,1.164782,0.6237627,-0.8558387,1.160123,0.6227782,-0.8332249,1.148244,0.6186033,-0.8234696,1.135323,0.6349133,-0.900398,0.08036442,
1529413984916,1.087433,0.6290937,-0.913449,1.065073,0.6388341,-0.8843395,1.052222,0.6417947,-0.8625213,1.111843,0.6696401,-0.8488332,1.110528,0.6759853,-0.8205016,1.103316,0.6734214,-0.8042222,1.125851,0.6565458,-0.8408625,1.122041,0.6626247,-0.8084509,1.111836,0.6604728,-0.7906597,1.136825,0.6383936,-0.8414276,1.129691,0.6419845,-0.8113007,1.117332,0.63899,-0.7954304,1.144524,0.6169193,-0.8452566,1.137133,0.6161394,-0.8232942,1.124203,0.6125153,-0.8146707,1.121432,0.6293191,-0.8932086,0.08372329,
1529413984934,1.082875,0.6285289,-0.9136078,1.059391,0.6377461,-0.8852621,1.045819,0.6401051,-0.8638096,1.104823,0.6684299,-0.8476343,1.103159,0.6745909,-0.8192116,1.095859,0.6722139,-0.8029199,1.118413,0.6552111,-0.8390971,1.114229,0.6611363,-0.8065951,1.104083,0.6592764,-0.7886972,1.129038,0.6371694,-0.8393063,1.121142,0.6408203,-0.8092754,1.108617,0.6381586,-0.7934394,1.136738,0.6157395,-0.8429418,1.128696,0.6150088,-0.8211296,1.115702,0.6115587,-0.812393,1.115599,0.628513,-0.8918319,0.08510308,
1529413984962,1.065549,0.6234376,-0.9083428,1.039576,0.6317279,-0.8819982,1.024027,0.6333753,-0.8618034,1.080703,0.6618497,-0.8397138,1.076641,0.6675989,-0.8114024,1.067984,0.6652412,-0.7957727,1.09332,0.6482258,-0.8299723,1.086793,0.6537504,-0.797702,1.075524,0.6520672,-0.7804374,1.103523,0.6302017,-0.8293935,1.093435,0.6339035,-0.7998829,1.080013,0.6317336,-0.7846969,1.111357,0.6088048,-0.8325675,1.102036,0.6082662,-0.8110211,1.088913,0.6052865,-0.8021982,1.095395,0.6226794,-0.8833309,0.08548491,
1529413984987,1.055943,0.6199498,-0.9044429,1.028739,0.6271064,-0.8790419,1.012259,0.6279855,-0.8595276,1.066948,0.6568857,-0.8343578,1.061204,0.6617668,-0.8062279,1.05155,0.6587013,-0.7913536,1.079348,0.6431451,-0.8242756,1.07128,0.647786,-0.7922325,1.059171,0.6455173,-0.7756338,1.089747,0.6252418,-0.8235649,1.078491,0.6282495,-0.7943684,1.064565,0.62573,-0.7796985,1.098101,0.6040788,-0.8267812,1.088377,0.6031826,-0.8053055,1.07529,0.6000826,-0.7964864,1.084298,0.6189426,-0.8780687,0.08446858,
1529413985014,1.037306,0.6138246,-0.8982748,1.008161,0.6197785,-0.8747894,0.9902161,0.6198016,-0.8565784,1.041881,0.6487773,-0.8265877,1.033421,0.6526403,-0.7990459,1.022296,0.6488147,-0.7854506,1.053721,0.6348122,-0.8158957,1.042944,0.6383669,-0.7845514,1.029391,0.6353869,-0.7692503,1.064379,0.617011,-0.8148114,1.051082,0.6191822,-0.7863907,1.036196,0.616232,-0.7727887,1.073285,0.5960531,-0.8179052,1.06243,0.5946417,-0.7969271,1.049054,0.5913618,-0.7885805,1.063416,0.6123335,-0.8697942,0.08324698,
1529413985042,1.025488,0.6096269,-0.892781,0.9951004,0.6146688,-0.8706878,0.976144,0.6142015,-0.8535186,1.025492,0.642693,-0.8201928,1.015193,0.6456603,-0.7931668,1.003298,0.6413801,-0.7803493,1.036979,0.6285677,-0.8092218,1.024289,0.6311018,-0.7784961,1.00992,0.6275778,-0.7640561,1.04792,0.6108737,-0.8079826,1.033146,0.6121396,-0.780221,1.01766,0.608717,-0.7674145,1.057286,0.5901375,-0.811106,1.045464,0.5880848,-0.7906939,1.031806,0.5844954,-0.7828925,1.049892,0.6076592,-0.8630658,0.08264227,
1529413985067,1.013608,0.6059762,-0.8875935,0.981931,0.6107503,-0.8673176,0.9618694,0.6101243,-0.851451,1.008608,0.6371785,-0.8145444,0.9961944,0.639533,-0.7883482,0.9832984,0.6350918,-0.7765841,1.019251,0.6226106,-0.8031505,1.004343,0.6244378,-0.7733793,0.9889376,0.6207151,-0.7600927,1.029955,0.6047238,-0.801604,1.013261,0.6053379,-0.7749307,0.9968727,0.6017171,-0.7633678,1.039318,0.5840144,-0.8046184,1.026112,0.5815661,-0.7850999,1.011957,0.5779647,-0.7782155,1.035747,0.6029824,-0.8564813,0.08177789,
1529413985094,0.9966063,0.6002769,-0.8790741,0.9638561,0.6046542,-0.8604763,0.942823,0.6037298,-0.8459186,0.9861252,0.6291772,-0.8060363,0.9715456,0.6311163,-0.7808144,0.9577641,0.627088,-0.7698299,0.9955536,0.6138402,-0.7943547,0.9784526,0.6151258,-0.7656207,0.9622741,0.6117642,-0.753062,1.005682,0.59551,-0.7926354,0.9869808,0.5955042,-0.7672621,0.9697579,0.5919918,-0.7568928,1.014718,0.5747534,-0.7957145,0.9999446,0.5719492,-0.7773944,0.9852134,0.5685204,-0.7717001,1.015935,0.5958313,-0.846898,0.08098354,
1529413985129,0.9810466,0.5953009,-0.8707487,0.9475503,0.599022,-0.8534248,0.926,0.597082,-0.8398038,0.9659835,0.6225798,-0.7982165,0.9501943,0.6246248,-0.7735956,0.9358577,0.621372,-0.7630503,0.9737591,0.6065357,-0.7864688,0.9551473,0.608076,-0.7586455,0.9382056,0.6054198,-0.746962,0.9827285,0.587387,-0.7847277,0.9625633,0.5873966,-0.7604469,0.9446209,0.5843897,-0.7513188,0.9907062,0.5661763,-0.7881786,0.9748238,0.5632759,-0.7704386,0.9600483,0.5603964,-0.7646335,0.9971272,0.5893654,-0.8381244,0.08110658,
1529413985161,0.9658295,0.5906836,-0.8619983,0.9322067,0.5927014,-0.844695,0.9107199,0.5890083,-0.8313951,0.9482504,0.6147634,-0.7892185,0.9324079,0.6165053,-0.7644107,0.9183164,0.6139758,-0.7532309,0.9551553,0.5977052,-0.778106,0.9364392,0.5985568,-0.7501907,0.9196409,0.5961961,-0.7381666,0.9631484,0.5780785,-0.7773491,0.9423379,0.5773522,-0.753551,0.9241701,0.574495,-0.7448122,0.970174,0.5568162,-0.7821859,0.9531861,0.5533,-0.7654933,0.9381828,0.5505358,-0.7601257,0.9798808,0.5829813,-0.8299552,0.08240591,
1529413985187,0.9534283,0.587922,-0.8566867,0.9197037,0.589072,-0.8396045,0.8983774,0.5840663,-0.8265842,0.9339576,0.6115418,-0.7844299,0.9177032,0.6137875,-0.7598686,0.9034462,0.6119272,-0.7487464,0.9401038,0.593845,-0.7734586,0.9209933,0.5949056,-0.7457768,0.9040433,0.5930209,-0.7338578,0.9474487,0.573796,-0.7729448,0.926249,0.5731469,-0.7494326,0.9079514,0.5706991,-0.7408094,0.9537544,0.5524131,-0.7783254,0.9361128,0.5489163,-0.7622771,0.9210761,0.5463995,-0.7564704,0.9659135,0.5795462,-0.8249481,0.08282899,
1529413985214,0.9360684,0.5845748,-0.8514062,0.9020805,0.5852078,-0.8349366,0.8808292,0.5792026,-0.8223328,0.91444,0.6088958,-0.78009,0.8979076,0.6119497,-0.7557405,0.8836248,0.6108335,-0.7445125,0.9200219,0.5909318,-0.7688771,0.900666,0.592589,-0.741343,0.8837285,0.5912769,-0.7292684,0.9267545,0.5705906,-0.7682899,0.9050766,0.5703142,-0.745109,0.8867428,0.5683076,-0.736339,0.9324379,0.5491761,-0.773935,0.9138201,0.5460235,-0.7588729,0.898613,0.5437958,-0.7532519,0.9470981,0.5762482,-0.8196464,0.08404957,
1529413985240,0.9250456,0.5830024,-0.8483924,0.8910769,0.5833677,-0.8319471,0.8700539,0.5767691,-0.8193507,0.9029005,0.6079422,-0.7775054,0.8864989,0.6113839,-0.7531092,0.8722887,0.6105592,-0.7417539,0.908391,0.5899241,-0.7660939,0.8893313,0.5919053,-0.7383616,0.8725861,0.5908609,-0.7259588,0.9146945,0.5694249,-0.7655127,0.8929414,0.569289,-0.7423567,0.8746716,0.5674477,-0.7333442,0.919632,0.5481076,-0.7717085,0.8999147,0.545255,-0.7581789,0.8845391,0.5432329,-0.7527264,0.9355605,0.5748734,-0.8167168,0.08466418,
1529413985267,0.9149684,0.5821534,-0.8459523,0.8808103,0.5826219,-0.8299454,0.8597137,0.5758611,-0.8176207,0.891981,0.6073191,-0.7754291,0.8754793,0.6108765,-0.7511372,0.8611484,0.6101124,-0.7399379,0.8971776,0.5892776,-0.7639047,0.8780104,0.5914309,-0.7362791,0.8611851,0.5905298,-0.7239563,0.9032036,0.5687062,-0.7632364,0.8813463,0.5687679,-0.7401388,0.8631042,0.56713,-0.7309967,0.9075401,0.5474362,-0.7699,0.8869821,0.5448691,-0.7578344,0.8711208,0.5430577,-0.753929,0.9248443,0.573985,-0.8141803,0.08491068,
1529413985308,0.8970273,0.5801104,-0.8416545,0.862484,0.5816441,-0.8265516,0.8408889,0.5755222,-0.8147951,0.8731093,0.6048159,-0.771247,0.856333,0.6083905,-0.7472313,0.8416362,0.6075656,-0.736536,0.8777599,0.5865917,-0.7597407,0.8581333,0.5887505,-0.7325634,0.8408056,0.5878274,-0.7209749,0.8836538,0.5659416,-0.7588915,0.861919,0.5662187,-0.7356923,0.8436775,0.5648152,-0.7265134,0.8869671,0.5448394,-0.766426,0.8655324,0.5428285,-0.7564845,0.8492123,0.5414408,-0.7551257,0.9060451,0.5712056,-0.809635,0.08456849,
1529413985344,0.8870561,0.578198,-0.8393213,0.8523233,0.5812756,-0.8248464,0.8301555,0.576401,-0.8135149,0.8627741,0.6017427,-0.7686541,0.8459457,0.6052029,-0.7447007,0.8310951,0.604326,-0.7342389,0.8669804,0.5832331,-0.7573357,0.8470511,0.5850991,-0.7304409,0.8293749,0.584008,-0.7194622,0.8729329,0.5625651,-0.7564188,0.8515507,0.5627986,-0.7328824,0.8334699,0.5615084,-0.7233478,0.8755251,0.5416508,-0.7646204,0.8537965,0.5399529,-0.7558019,0.8373985,0.5388569,-0.7559181,0.8955442,0.5681509,-0.8071405,0.08405586,
1529413985374,0.8784786,0.5772072,-0.8373256,0.8436577,0.5811677,-0.8232851,0.8211743,0.5768689,-0.81233,0.8535447,0.59913,-0.7664032,0.8365297,0.6024243,-0.7425616,0.8215644,0.6015749,-0.7322583,0.8573976,0.5802565,-0.7554243,0.8371521,0.5817667,-0.7287587,0.8192891,0.5805993,-0.7181133,0.8634163,0.559535,-0.7546759,0.8421972,0.5595485,-0.7309667,0.8242302,0.5582963,-0.7211858,0.8655332,0.5388248,-0.7636073,0.843613,0.5372906,-0.7557998,0.8272592,0.5364537,-0.7572159,0.8863868,0.5659534,-0.8052174,0.08379751,
1529413985400,0.8718269,0.5770842,-0.8360897,0.8373415,0.5806178,-0.821199,0.8152142,0.575775,-0.8097861,0.847717,0.5975786,-0.7646037,0.8307536,0.6002824,-0.7407255,0.8156726,0.598964,-0.7306632,0.8518023,0.5786601,-0.7540463,0.8315107,0.5796821,-0.7274746,0.8135248,0.5782028,-0.7170544,0.8583286,0.5580386,-0.7535306,0.8374947,0.5577132,-0.7295501,0.8195945,0.5562505,-0.7196545,0.8604251,0.5374612,-0.7627922,0.8387286,0.5358117,-0.7550653,0.8227305,0.5350642,-0.758482,0.8802963,0.5652436,-0.8043973,0.08245225,
1529413985428,0.8637561,0.5759913,-0.8333368,0.829955,0.5792318,-0.8169856,0.8085137,0.5737861,-0.8046379,0.8416227,0.5954619,-0.7611048,0.8249149,0.5977256,-0.737106,0.8097281,0.5958448,-0.7273929,0.846165,0.5766777,-0.7509324,0.8259768,0.5774558,-0.7243703,0.8078831,0.5756772,-0.7142143,0.8533049,0.5561111,-0.7506373,0.8328428,0.5554827,-0.7264639,0.8148612,0.5536902,-0.7168362,0.855672,0.5355684,-0.7598281,0.8344257,0.5336734,-0.751596,0.8187948,0.5328504,-0.755994,0.8733153,0.5638221,-0.8022206,0.08034208,
1529413985455,0.8581909,0.577118,-0.8319651,0.8251585,0.580394,-0.8141983,0.8043163,0.5746578,-0.8010514,0.838199,0.5945638,-0.7587646,0.8214383,0.5963912,-0.7348382,0.8061029,0.594153,-0.7254947,0.8431625,0.5756704,-0.7492707,0.8228824,0.5760795,-0.7228304,0.8046894,0.5741123,-0.7128656,0.8508778,0.5551076,-0.749518,0.8307563,0.554074,-0.7251602,0.8127472,0.5520368,-0.7156841,0.8539354,0.5345091,-0.7584109,0.8335906,0.532149,-0.7485317,0.8178787,0.5312713,-0.7523121,0.8692377,0.5638167,-0.8013688,0.07805166,
1529413985481,0.8526546,0.577895,-0.8291248,0.8201005,0.5809568,-0.8105156,0.7996609,0.5747852,-0.7969887,0.8337371,0.5932966,-0.7552888,0.8164344,0.5947207,-0.7319551,0.800552,0.5919615,-0.7238552,0.8389177,0.5741277,-0.7464703,0.817865,0.5739812,-0.7209763,0.7989049,0.5714905,-0.7129384,0.8471747,0.5534477,-0.7472258,0.8266839,0.5516662,-0.723609,0.8079472,0.5490755,-0.7161695,0.8515468,0.5328633,-0.7555329,0.8325876,0.5297846,-0.742902,0.8165909,0.5285962,-0.744318,0.8644599,0.5635625,-0.7991279,0.07512876,
1529413985516,0.8476957,0.5782315,-0.8258125,0.8156527,0.5808333,-0.8063109,0.7956671,0.5741619,-0.7923845,0.830028,0.5914598,-0.7513609,0.8122627,0.5921208,-0.7287377,0.7958884,0.588431,-0.7225599,0.8356169,0.5721685,-0.7432025,0.8140601,0.5713145,-0.7186123,0.7945739,0.568165,-0.712828,0.8444461,0.5514179,-0.744522,0.8237466,0.5487256,-0.7217156,0.8045356,0.5455239,-0.7167708,0.8495389,0.5308872,-0.7530258,0.8313759,0.5270373,-0.7398288,0.8157308,0.5258082,-0.7420599,0.8604581,0.5629629,-0.7964508,0.071268,
1529413985547,0.844615,0.5777606,-0.8231032,0.8128383,0.580698,-0.8032209,0.7930002,0.5741585,-0.7890559,0.8272422,0.5900886,-0.7485493,0.8089586,0.5905669,-0.7266539,0.7923313,0.5864133,-0.7219701,0.8329852,0.5707373,-0.7406449,0.8108478,0.5696971,-0.7169244,0.7911426,0.5662309,-0.7129853,0.8421466,0.5499238,-0.7421171,0.8210678,0.546912,-0.7200747,0.8017041,0.5434853,-0.7168914,0.8477862,0.529397,-0.7505487,0.8299966,0.525238,-0.7370297,0.8145337,0.5239699,-0.7394814,0.8577255,0.5619493,-0.7939956,0.06819925,
1529413985574,0.8424507,0.578698,-0.8225704,0.8107768,0.5825965,-0.8026835,0.7908411,0.5766596,-0.7884071,0.8247037,0.591128,-0.7482843,0.8055319,0.5917444,-0.7274894,0.7886723,0.587373,-0.7244076,0.830243,0.5717958,-0.740406,0.8070695,0.5710397,-0.718057,0.7871954,0.5675495,-0.7161168,0.839504,0.5508516,-0.7416843,0.8176309,0.5480815,-0.7207597,0.798153,0.5447657,-0.7193515,0.8456452,0.5302296,-0.7496626,0.8280277,0.5262241,-0.7357507,0.8125065,0.5249673,-0.7377592,0.855543,0.5624768,-0.793339,0.06492627,
1529413985601,0.8420664,0.5801373,-0.8224826,0.8104393,0.5852764,-0.8027225,0.7901005,0.580371,-0.7886044,0.8238036,0.5919986,-0.7484452,0.8035675,0.5930494,-0.7289312,0.7864813,0.5890239,-0.7274459,0.8287459,0.5723643,-0.7408382,0.8045758,0.5722199,-0.7198137,0.784573,0.5693368,-0.719449,0.8375945,0.5510758,-0.7422259,0.8150365,0.5488748,-0.7221164,0.7955127,0.5462617,-0.7218662,0.8436196,0.5303733,-0.7501435,0.8261133,0.5267875,-0.7355903,0.8100902,0.5257075,-0.7353616,0.8545457,0.562857,-0.7934088,0.06187351,
1529413985628,0.8430734,0.5825337,-0.8254044,0.8110539,0.5903932,-0.8070037,0.7898099,0.588006,-0.7935414,0.8232969,0.5964946,-0.7524292,0.8008978,0.5990866,-0.7361312,0.7838342,0.5954968,-0.7378002,0.8272142,0.5772728,-0.7446054,0.8009743,0.5798879,-0.7266451,0.7810515,0.5782173,-0.7289827,0.8359137,0.5551221,-0.7447791,0.8123494,0.5551885,-0.7254894,0.7928202,0.5538974,-0.7259235,0.8414295,0.5336583,-0.7520481,0.8235098,0.5313496,-0.7373778,0.8075309,0.5311077,-0.7368217,0.8546463,0.5648124,-0.7954301,0.05655884,
1529413985654,0.8434223,0.5852264,-0.826962,0.811573,0.5947335,-0.8089641,0.7900399,0.5938672,-0.795745,0.8233157,0.5999362,-0.7546308,0.7999746,0.6033806,-0.7404909,0.7833214,0.5999395,-0.7442906,0.826528,0.5807691,-0.7468647,0.7994207,0.5848888,-0.7307771,0.7796491,0.583956,-0.7345395,0.8349814,0.5580485,-0.746403,0.8111359,0.559341,-0.7274337,0.7915986,0.5589386,-0.7280793,0.8398843,0.5363179,-0.753528,0.8218706,0.5348712,-0.7387841,0.8060085,0.535365,-0.7384833,0.8543637,0.5669196,-0.7968114,0.05224528,
1529413985681,0.8437003,0.5884417,-0.828718,0.8124696,0.5998328,-0.8105851,0.7909664,0.6010498,-0.7972156,0.8245707,0.6034038,-0.7567831,0.8005041,0.6071883,-0.7449536,0.7845736,0.6034234,-0.7508639,0.8273369,0.5844046,-0.7492838,0.7994307,0.5895168,-0.7356403,0.7801509,0.5887201,-0.7414984,0.8357209,0.5611413,-0.7482159,0.8114867,0.5632307,-0.7300054,0.7919629,0.5633799,-0.7314182,0.8405043,0.5392329,-0.7549702,0.8227749,0.5383961,-0.7398943,0.8071153,0.539483,-0.7399501,0.8548208,0.5694326,-0.7985403,0.04685061,
1529413985716,0.8441477,0.5918477,-0.8301787,0.8134446,0.6045002,-0.8118666,0.7920818,0.6071559,-0.7984567,0.8256011,0.6061878,-0.7586353,0.8009983,0.6099564,-0.7487098,0.7857759,0.6060295,-0.7561954,0.8278297,0.587231,-0.7516267,0.7992902,0.5927837,-0.7401798,0.7806293,0.592086,-0.7478231,0.8359245,0.5636975,-0.7503067,0.8111832,0.5663373,-0.7328597,0.791443,0.5671089,-0.7343328,0.8405681,0.5417134,-0.7569286,0.8229016,0.5412607,-0.7417527,0.8072072,0.5428127,-0.7414465,0.8552753,0.5720446,-0.8002042,0.04274402,
1529413985734,0.8440804,0.5922606,-0.8299883,0.813483,0.6051846,-0.8116693,0.7921839,0.6079815,-0.798242,0.8254313,0.607101,-0.758951,0.8006566,0.6107265,-0.7500951,0.786075,0.6064527,-0.7585082,0.8274509,0.5881596,-0.7519383,0.7986346,0.5936768,-0.7416918,0.7804631,0.5927459,-0.7503524,0.8354833,0.5647153,-0.7502661,0.8104011,0.5676642,-0.7334687,0.7906861,0.5685589,-0.7354808,0.8401845,0.5426947,-0.7565546,0.8224375,0.5425707,-0.7415107,0.8067497,0.5443072,-0.7413666,0.8551648,0.5726085,-0.7999464,0.0402297,
1529413985760,0.8442109,0.5921581,-0.8287889,0.8138674,0.6056674,-0.8104327,0.7927665,0.6087056,-0.7968838,0.8256398,0.6090951,-0.7591164,0.8006843,0.6123621,-0.7525516,0.7876856,0.6071444,-0.7627159,0.8271546,0.5902382,-0.7519718,0.7978432,0.595553,-0.7445567,0.7809467,0.5938552,-0.7553698,0.8351072,0.5671371,-0.7491478,0.8093221,0.5708897,-0.7339263,0.7897716,0.5719155,-0.7373186,0.8398279,0.5450447,-0.7544585,0.8217964,0.5458933,-0.7398705,0.8061279,0.5480275,-0.7402071,0.8552889,0.5733556,-0.7984585,0.03457885,
1529413985787,0.8449224,0.5918197,-0.8287238,0.8147363,0.6060307,-0.8106009,0.7937183,0.6095413,-0.7971331,0.8258504,0.6103424,-0.7603792,0.8008078,0.6132745,-0.7556074,0.788958,0.6074125,-0.7668005,0.8269957,0.5915683,-0.7529698,0.7974299,0.5966707,-0.7476167,0.7816205,0.5944279,-0.7598037,0.8347205,0.5688609,-0.7492857,0.8083531,0.5732684,-0.7354591,0.7889563,0.5743855,-0.7398552,0.8393441,0.5466711,-0.7538242,0.820881,0.5482445,-0.7398839,0.8052512,0.5506568,-0.7407822,0.8557072,0.5737399,-0.7980945,0.03077755,
1529413985814,0.8451687,0.593146,-0.8303941,0.8153447,0.6085331,-0.8126302,0.7945592,0.6127446,-0.7990789,0.8262111,0.6133158,-0.7630898,0.8011228,0.6152421,-0.7593774,0.7902185,0.6084417,-0.7710199,0.8275503,0.5949977,-0.755139,0.7980542,0.5990781,-0.7516224,0.7837763,0.5954991,-0.7651881,0.8355789,0.5729024,-0.7503194,0.808881,0.5773356,-0.7379841,0.7899864,0.577722,-0.7441091,0.840383,0.5507165,-0.7538563,0.8215892,0.5527766,-0.7406375,0.8059939,0.5550671,-0.7423815,0.8563367,0.5759251,-0.7990567,0.02871698,
1529413985840,0.8461448,0.5946007,-0.8328331,0.8168181,0.6113988,-0.8155314,0.7962154,0.6165611,-0.8020557,0.8272986,0.6153842,-0.7658121,0.802174,0.6169925,-0.7623129,0.7914732,0.6099568,-0.7740024,0.8287476,0.5974078,-0.7573086,0.7993719,0.6013415,-0.7539132,0.7855188,0.5974128,-0.7676897,0.8365916,0.5755585,-0.752238,0.8098887,0.5801152,-0.7407748,0.7915943,0.5800976,-0.7481985,0.8412108,0.5533465,-0.755347,0.8222272,0.5557634,-0.7426581,0.8067801,0.5580691,-0.745189,0.8572384,0.577581,-0.8010142,0.02920774,
1529413985867,0.8475597,0.5953202,-0.8349621,0.8187727,0.6128537,-0.8174657,0.798434,0.6188076,-0.8038506,0.8299291,0.6164882,-0.7674789,0.8046603,0.6187754,-0.7629123,0.7928119,0.612232,-0.7738003,0.8311368,0.5983207,-0.7590423,0.801705,0.6026282,-0.7548263,0.7870131,0.5991156,-0.7679528,0.8386373,0.5763808,-0.7542037,0.8120388,0.5811206,-0.7424684,0.7936386,0.5812944,-0.7496333,0.8428694,0.5541937,-0.7573782,0.8238893,0.5568051,-0.7447663,0.8085246,0.5592654,-0.7474824,0.8587951,0.578182,-0.8031919,0.0312709,
1529413985895,0.8500227,0.5964538,-0.8397665,0.8214051,0.6146068,-0.822623,0.8010681,0.6212689,-0.8092299,0.8327012,0.6179987,-0.7717168,0.8072714,0.6212426,-0.7657137,0.7939784,0.6155031,-0.77536,0.8339925,0.599937,-0.7628173,0.8045285,0.6053716,-0.7563057,0.7881264,0.602812,-0.7675487,0.8406836,0.5776434,-0.7588139,0.8140482,0.5827103,-0.7465549,0.7953141,0.5832136,-0.7528478,0.8446147,0.555391,-0.7620349,0.8254744,0.5581187,-0.7497305,0.8101351,0.5606675,-0.752656,0.8610144,0.5791389,-0.8077578,0.03508097,
1529413985928,0.850405,0.5974165,-0.8434668,0.8221211,0.6155087,-0.8257147,0.8020368,0.6222957,-0.8119433,0.8347282,0.6181658,-0.7742963,0.8093817,0.621836,-0.7663745,0.7948407,0.6168137,-0.7745312,0.8365327,0.6001496,-0.7653614,0.8073276,0.606194,-0.756038,0.7893467,0.6045407,-0.7648599,0.8428733,0.5775361,-0.7623974,0.8164674,0.5823126,-0.7492187,0.7973924,0.5828804,-0.7545611,0.8467364,0.5553409,-0.7660477,0.8277069,0.5577664,-0.7535452,0.8123112,0.5602376,-0.7563048,0.8620942,0.579724,-0.8117895,0.03849023,
1529413985947,0.8519334,0.5964583,-0.8463597,0.8235802,0.6148914,-0.8290919,0.8033391,0.6218255,-0.8156295,0.8359562,0.6181679,-0.7771535,0.8108318,0.6228443,-0.7688686,0.7958637,0.6183835,-0.7766304,0.8374968,0.6002414,-0.7678865,0.8087249,0.607586,-0.7576067,0.790289,0.606745,-0.7655025,0.8429232,0.5772847,-0.7652384,0.8165472,0.5828486,-0.7519047,0.7973455,0.5839442,-0.7567589,0.8462584,0.5548875,-0.7688872,0.8270429,0.5577116,-0.7566836,0.8116899,0.5604485,-0.7595439,0.8629525,0.578716,-0.814371,0.03985795,
1529413985974,0.8543819,0.5966915,-0.8488496,0.8257716,0.6147443,-0.8316901,0.8053462,0.621137,-0.8181938,0.8383724,0.6179799,-0.7788668,0.8135022,0.6227335,-0.7691267,0.7979001,0.6187008,-0.7757854,0.8402843,0.6002188,-0.7695164,0.8120068,0.6075846,-0.7578751,0.7931727,0.6069127,-0.7648287,0.8455924,0.5771202,-0.767346,0.8193828,0.5822961,-0.7535502,0.8000676,0.5832005,-0.7580497,0.8490398,0.554756,-0.7712142,0.8298169,0.5572442,-0.759095,0.8145369,0.5597549,-0.7623076,0.865415,0.5789422,-0.816759,0.04312601,
1529413986001,0.8548771,0.5963444,-0.850996,0.8260254,0.6142597,-0.8341712,0.8053874,0.6203716,-0.8208373,0.8385562,0.6176354,-0.7805169,0.814011,0.6228206,-0.7697607,0.7979501,0.6192566,-0.7755611,0.8404884,0.5998935,-0.771117,0.8126308,0.6075785,-0.758581,0.7935231,0.6072126,-0.764836,0.8455176,0.576591,-0.7692221,0.8194199,0.5816728,-0.7551557,0.8000545,0.5825751,-0.7594411,0.8488654,0.5542096,-0.7732848,0.8295474,0.5565566,-0.7613635,0.8143674,0.5589931,-0.7649097,0.8655238,0.5784934,-0.8187252,0.04589648,
1529413986027,0.8561616,0.5958687,-0.8525483,0.8269931,0.6136082,-0.8361666,0.8060831,0.6193188,-0.8230804,0.839149,0.6173682,-0.7818701,0.8148612,0.6229655,-0.7706508,0.7986165,0.6197296,-0.7761151,0.8408917,0.5995352,-0.7724091,0.8132918,0.6074507,-0.7595417,0.7941204,0.6072969,-0.7656336,0.8456639,0.5760847,-0.7706083,0.819621,0.581152,-0.7564943,0.8002845,0.5821042,-0.7608393,0.8488793,0.5536795,-0.7747916,0.8294717,0.5559626,-0.7630737,0.8144102,0.5583995,-0.7669505,0.8662466,0.5779943,-0.8200589,0.0475569,
1529413986053,0.8568776,0.5953524,-0.8530992,0.8275951,0.6131177,-0.8369738,0.8065989,0.6188284,-0.8240105,0.8398004,0.618045,-0.7827792,0.8155853,0.6239282,-0.7717806,0.7993968,0.6206738,-0.7774241,0.8413424,0.6002925,-0.7730981,0.8138009,0.6085364,-0.7604835,0.7946749,0.6084131,-0.7667624,0.8459538,0.5768265,-0.7709664,0.8199624,0.5822606,-0.7569193,0.8006275,0.583322,-0.7612829,0.8489871,0.5543495,-0.774901,0.829584,0.5569141,-0.7631958,0.814536,0.5594148,-0.7670634,0.8667234,0.5779825,-0.8204146,0.04717593,
1529413986081,0.8580845,0.5949329,-0.8537426,0.8285731,0.6124368,-0.8377582,0.8074477,0.617916,-0.824909,0.840771,0.6188019,-0.7839378,0.8165956,0.6249288,-0.7734244,0.8006347,0.6215857,-0.7795873,0.8419346,0.601061,-0.7741666,0.8143365,0.6095689,-0.7621746,0.7953891,0.6094373,-0.7690027,0.8463891,0.577617,-0.7716979,0.8203979,0.5834817,-0.7578545,0.8010964,0.5847371,-0.7623501,0.849204,0.5551239,-0.7754381,0.8297802,0.5580815,-0.7637975,0.8147672,0.5607287,-0.7676769,0.867613,0.5780844,-0.82099,0.04597761,
1529413986115,0.8595276,0.5948268,-0.8559079,0.8299542,0.6131445,-0.8409203,0.808688,0.6194956,-0.8286905,0.8414981,0.6207132,-0.786997,0.8172812,0.6274066,-0.7772625,0.8015127,0.6240222,-0.7838885,0.8421848,0.6031809,-0.7768298,0.8145258,0.6123737,-0.7657464,0.7958101,0.6122651,-0.7731715,0.8462772,0.5798006,-0.7737036,0.8201976,0.586547,-0.7604152,0.8009871,0.5880576,-0.7652146,0.8487581,0.5571102,-0.7768829,0.8292006,0.5606827,-0.765551,0.8142256,0.5634994,-0.7695303,0.8683121,0.5786951,-0.822614,0.0455982,
1529413986148,0.8600859,0.596542,-0.8586546,0.830641,0.6150361,-0.8436437,0.8094047,0.6213279,-0.8313947,0.8420906,0.6227096,-0.7899264,0.8179215,0.6295413,-0.7805153,0.8024265,0.6261283,-0.7875966,0.8424644,0.6051719,-0.7797936,0.8148457,0.614563,-0.7691311,0.7963839,0.6144831,-0.7770737,0.84629,0.5818365,-0.7766261,0.8202481,0.5889856,-0.763524,0.8011599,0.5907258,-0.7685718,0.8484547,0.5591372,-0.7798137,0.828883,0.563059,-0.7685758,0.8139071,0.5661083,-0.772496,0.8685336,0.5803891,-0.8254144,0.04460951,
1529413986175,0.8610309,0.5960274,-0.8601594,0.8313216,0.614521,-0.8456854,0.8099071,0.6205844,-0.8337314,0.8420771,0.6233581,-0.792258,0.8178196,0.6301652,-0.7837045,0.8028277,0.6263873,-0.7915323,0.842056,0.6059002,-0.7820001,0.8142087,0.6152354,-0.7725123,0.7962952,0.6147447,-0.7814871,0.8457627,0.5826924,-0.7784234,0.8194394,0.5900578,-0.7662824,0.8006762,0.5916431,-0.7722773,0.8479054,0.5600187,-0.7812247,0.8281202,0.5642686,-0.7705328,0.8133013,0.5673423,-0.7749439,0.8688937,0.5805135,-0.8267232,0.04318054,
1529413986201,0.8615242,0.5953926,-0.8612037,0.8315167,0.6135706,-0.8469576,0.8099568,0.6191505,-0.8351381,0.8419417,0.6233282,-0.7937692,0.8176888,0.6299974,-0.7857071,0.8030835,0.6259588,-0.7940568,0.8416421,0.6058414,-0.7835062,0.813676,0.6149346,-0.7747661,0.7962285,0.6141073,-0.7845004,0.8452976,0.582705,-0.779752,0.8187965,0.5899936,-0.7682552,0.800258,0.5914236,-0.7749095,0.847493,0.5600901,-0.7823616,0.8275994,0.5644137,-0.7720034,0.8129536,0.5674615,-0.7768544,0.8690615,0.580309,-0.8277383,0.04220509,
1529413986227,0.861044,0.5943711,-0.8618813,0.8307273,0.611883,-0.8474405,0.8091174,0.6168567,-0.8355219,0.8414572,0.6227357,-0.7947264,0.8172105,0.629159,-0.7869064,0.8028599,0.6248592,-0.7955459,0.8411456,0.6052075,-0.7844539,0.8131014,0.6139854,-0.7760166,0.7958875,0.6128837,-0.7860949,0.8448653,0.5821302,-0.7806739,0.8182406,0.5892004,-0.7695041,0.7997869,0.5904475,-0.7764646,0.8471919,0.5595841,-0.7831901,0.8272284,0.5638468,-0.7729622,0.8126482,0.5668119,-0.777986,0.8687789,0.5797772,-0.8285576,0.04124649,
1529413986254,0.8606178,0.5941527,-0.8623617,0.8300992,0.611065,-0.8476276,0.8084767,0.6155125,-0.835579,0.8410295,0.6223987,-0.7952534,0.8167649,0.6285703,-0.7875432,0.8025769,0.6241443,-0.796375,0.8407348,0.6047887,-0.7850813,0.8126144,0.6132658,-0.7767833,0.7955438,0.612035,-0.7870656,0.8445708,0.5817415,-0.7813666,0.8178888,0.5885749,-0.7702727,0.7994777,0.5897359,-0.7773597,0.8469998,0.5592474,-0.7839557,0.8270132,0.5633658,-0.7737138,0.8124521,0.566292,-0.7787671,0.8685244,0.5797155,-0.8292406,0.04057419,
1529413986281,0.8590572,0.5935084,-0.8619233,0.8283319,0.6095152,-0.8465853,0.8068461,0.6133142,-0.8341321,0.8400139,0.6221697,-0.7950799,0.8156902,0.6277146,-0.787514,0.8017802,0.6227229,-0.7964844,0.8401566,0.6046117,-0.7848097,0.8118775,0.6124358,-0.7765928,0.7948689,0.6106654,-0.7869196,0.8445559,0.5817391,-0.78088,0.8178344,0.5881438,-0.7695917,0.7993239,0.5889071,-0.7764862,0.8473772,0.5593095,-0.7832983,0.827427,0.5631692,-0.7728058,0.8127238,0.5658136,-0.7775987,0.867889,0.5798041,-0.8290038,0.03913493,
1529413986316,0.8583125,0.5921189,-0.8608792,0.8275411,0.6075518,-0.8450852,0.8061668,0.6105121,-0.8323808,0.8391819,0.6206188,-0.7943379,0.8148392,0.6256334,-0.7874495,0.8016413,0.6202773,-0.7971755,0.839128,0.6029922,-0.7843206,0.8106807,0.610293,-0.7770475,0.7942623,0.6081902,-0.788226,0.8437631,0.580291,-0.7801685,0.8170111,0.5865898,-0.7691391,0.7986855,0.5873142,-0.776436,0.84657,0.557937,-0.7826281,0.8266327,0.5618228,-0.7721598,0.8120029,0.56453,-0.7770652,0.8671528,0.5785456,-0.8282509,0.03681368,
1529413986348,0.8573828,0.5912647,-0.8604102,0.8266113,0.6057943,-0.8438109,0.8054165,0.6077765,-0.8307358,0.8383961,0.6194098,-0.794161,0.8140116,0.6239617,-0.7879195,0.8014362,0.6183922,-0.798287,0.8381511,0.6016558,-0.7845266,0.809533,0.6084896,-0.7781823,0.7936858,0.6061881,-0.7901198,0.8430784,0.5790938,-0.7801633,0.8163394,0.5853305,-0.7691249,0.798077,0.5861676,-0.776522,0.8458272,0.5567795,-0.7827976,0.8259478,0.5606304,-0.7721583,0.8112756,0.5634694,-0.7768784,0.8663638,0.5777786,-0.8282884,0.03437241,
1529413986374,0.8569471,0.5918771,-0.8599001,0.8260244,0.6055104,-0.8428566,0.8048574,0.6065724,-0.8297224,0.8375322,0.6188391,-0.7934701,0.8131481,0.623086,-0.7875767,0.8009856,0.6175847,-0.7984253,0.8371307,0.600853,-0.7843259,0.8084283,0.6073564,-0.7784643,0.7929795,0.6051501,-0.7909058,0.8421805,0.5782411,-0.7801917,0.8153813,0.5841878,-0.7691684,0.7971994,0.5851753,-0.7767013,0.8449173,0.5560143,-0.7833055,0.8249699,0.5596173,-0.7726927,0.8103395,0.5625625,-0.7774425,0.8657721,0.5779852,-0.8282122,0.03340313,
1529413986402,0.8557302,0.5918227,-0.858731,0.82467,0.6047387,-0.8413817,0.8035525,0.6052066,-0.8281831,0.8363153,0.6181355,-0.7920974,0.8119507,0.6221664,-0.7862996,0.7999891,0.6166376,-0.7973345,0.8359895,0.6000277,-0.7832077,0.8072736,0.6062813,-0.7774888,0.7920223,0.6040374,-0.7901425,0.8411335,0.5773737,-0.7793435,0.8142573,0.583024,-0.7684881,0.7961797,0.5839445,-0.7762563,0.8439883,0.5552737,-0.782719,0.823971,0.558746,-0.7722726,0.809433,0.5616742,-0.7772546,0.8647381,0.5777937,-0.8272927,0.03309082,
1529413986427,0.8541132,0.5913718,-0.8577219,0.8228856,0.6038882,-0.8403952,0.8018084,0.6039413,-0.8271799,0.8344273,0.618071,-0.7914414,0.8100502,0.6217749,-0.7860085,0.7984717,0.6159249,-0.7972687,0.8342134,0.600061,-0.782499,0.8054417,0.6060002,-0.7772842,0.7905358,0.6033816,-0.7902622,0.839693,0.5775127,-0.7782466,0.8127955,0.5830599,-0.7673525,0.7946862,0.5838094,-0.775058,0.8426889,0.555446,-0.7815012,0.8226497,0.5588965,-0.7710631,0.808084,0.5616897,-0.7760355,0.8632733,0.5777669,-0.8262249,0.03239471,
1529413986453,0.8528664,0.5915989,-0.8564755,0.8215879,0.6037771,-0.839004,0.8006033,0.6035591,-0.8256665,0.8331303,0.6182729,-0.7903632,0.8087112,0.6215808,-0.7851633,0.7973955,0.6154328,-0.7965355,0.8331815,0.6003226,-0.7813812,0.804322,0.605875,-0.7763924,0.7895666,0.6029391,-0.7894756,0.8391294,0.5779208,-0.776831,0.8122727,0.5832996,-0.7656246,0.7940191,0.5838826,-0.7730159,0.8423401,0.5558639,-0.7800379,0.8223624,0.5591754,-0.7693422,0.8076577,0.5618074,-0.7740142,0.8623709,0.5782213,-0.8249888,0.03162109,
1529413986481,0.8514847,0.5916253,-0.8549073,0.8202555,0.6039563,-0.8374224,0.7992777,0.6039781,-0.8240591,0.8317817,0.6184227,-0.7889269,0.8073374,0.6216814,-0.7838415,0.7960835,0.6154438,-0.7952317,0.8319038,0.600503,-0.779861,0.8030096,0.606041,-0.7748892,0.7882513,0.6030468,-0.78794,0.8379489,0.5781445,-0.7751834,0.8111194,0.5835896,-0.7637709,0.7927338,0.5842043,-0.7708749,0.8411764,0.5560468,-0.7783327,0.821241,0.5593529,-0.7674701,0.8064441,0.5619674,-0.771901,0.8610468,0.5783327,-0.8234215,0.03118792,
1529413986516,0.8509213,0.5920079,-0.8533468,0.8198464,0.6048589,-0.835915,0.7987994,0.6054879,-0.8226192,0.8313816,0.6187127,-0.7873511,0.806889,0.622347,-0.7823652,0.7954609,0.6162773,-0.7937012,0.8313537,0.6007163,-0.778308,0.8024381,0.606678,-0.7732834,0.7874758,0.6039679,-0.7861822,0.8372293,0.578275,-0.7736473,0.8104743,0.5841109,-0.76196,0.791914,0.5850792,-0.7686399,0.8402443,0.5560747,-0.7768734,0.8203898,0.5595385,-0.7657838,0.8055,0.5623446,-0.7698547,0.8603237,0.5783712,-0.8218776,0.03104527,
1529413986548,0.8499753,0.5929164,-0.8516362,0.8190495,0.6059113,-0.8340573,0.7980553,0.6066083,-0.8206758,0.8306796,0.6193964,-0.7855514,0.8061988,0.6230783,-0.7805942,0.7947824,0.6170467,-0.7919629,0.8305637,0.60133,-0.7766359,0.8016333,0.6073019,-0.77173,0.7867178,0.6046348,-0.7847011,0.8364443,0.5789043,-0.7719642,0.8097196,0.5848285,-0.7601587,0.7910553,0.5859331,-0.7666305,0.8393982,0.5567189,-0.775239,0.8196,0.5602564,-0.7640986,0.804697,0.563141,-0.7681199,0.8593943,0.579069,-0.820241,0.03072633,
1529413986574,0.8492782,0.5934061,-0.8506417,0.8184966,0.6066397,-0.8329735,0.7975305,0.6075981,-0.8195371,0.830276,0.6196429,-0.7843586,0.8058262,0.6234086,-0.779284,0.7943273,0.6174376,-0.7906029,0.8301708,0.6015596,-0.77549,0.8012873,0.6076386,-0.7704271,0.7862822,0.6050495,-0.7833173,0.8360546,0.5790863,-0.7708751,0.8094389,0.5850796,-0.7588434,0.7907088,0.5862759,-0.7651342,0.8389713,0.5568739,-0.7742084,0.8192985,0.5604193,-0.7628463,0.8043489,0.5633547,-0.7666786,0.8587692,0.579324,-0.8192816,0.03072886,
1529413986600,0.8487402,0.5937265,-0.8501081,0.8181704,0.6074008,-0.8324049,0.7972417,0.6087739,-0.8188946,0.8301156,0.6198915,-0.7835967,0.8056918,0.6238493,-0.7781904,0.7939084,0.6179814,-0.7892751,0.830036,0.6018321,-0.7747072,0.8012259,0.6080967,-0.7693187,0.7860199,0.6055781,-0.7819926,0.8358676,0.5792871,-0.7701545,0.8093634,0.5853675,-0.7579149,0.7905791,0.5866081,-0.7640426,0.8387475,0.5570431,-0.7734726,0.8191911,0.5606278,-0.7619578,0.80422,0.5635847,-0.7657008,0.8582958,0.5794318,-0.818711,0.03119628,
1529413986627,0.8476486,0.5944397,-0.8500816,0.8172916,0.6089188,-0.8326541,0.7963871,0.6110164,-0.8191243,0.8291703,0.6215027,-0.7838643,0.8047705,0.6255279,-0.7784022,0.792937,0.6194371,-0.7893123,0.8290287,0.603564,-0.7748306,0.800198,0.6097488,-0.769793,0.785167,0.6068347,-0.7825889,0.8348508,0.5811666,-0.7699286,0.808213,0.5873586,-0.7582663,0.7896143,0.5882944,-0.7649207,0.837831,0.5589153,-0.7727588,0.8181862,0.5627409,-0.7616687,0.8033585,0.5655732,-0.7659737,0.85725,0.5804071,-0.8183494,0.03117,
1529413986653,0.8464755,0.5950357,-0.8497229,0.8161699,0.6094901,-0.8321925,0.7953673,0.6115595,-0.8185069,0.8282244,0.6225523,-0.7837776,0.8038162,0.62627,-0.7784683,0.792197,0.6198607,-0.7894275,0.8281973,0.604669,-0.7746882,0.7992886,0.610451,-0.7700095,0.7844801,0.6071398,-0.7829815,0.8342096,0.5824558,-0.7695553,0.80744,0.5884646,-0.7582805,0.78895,0.5890706,-0.7652699,0.8373996,0.5602379,-0.7720844,0.817693,0.5640367,-0.7612324,0.8029233,0.566696,-0.7658419,0.8564295,0.5814148,-0.8179371,0.03040676,
1529413986681,0.8448386,0.5949173,-0.8500037,0.8146156,0.6094799,-0.8324132,0.793967,0.6117464,-0.8184989,0.827031,0.6231112,-0.784399,0.8025171,0.6263485,-0.7790774,0.7909191,0.6194597,-0.7898086,0.8275036,0.6054363,-0.7749739,0.7984576,0.6107008,-0.7702235,0.783556,0.6068449,-0.7829615,0.8338879,0.5834724,-0.769583,0.8069779,0.5891339,-0.7585382,0.7885245,0.589167,-0.7656482,0.8375005,0.5612806,-0.7716377,0.8177376,0.5649148,-0.760866,0.802894,0.5672127,-0.7655053,0.8555368,0.5819061,-0.8180275,0.02986499,
1529413986719,0.8445156,0.5960662,-0.8502296,0.8143159,0.6110883,-0.8329933,0.793478,0.6136893,-0.819397,0.8258305,0.6233009,-0.7844684,0.8012474,0.6267147,-0.7794371,0.7896953,0.6201529,-0.7904217,0.8258736,0.6054621,-0.7753812,0.7967838,0.6108749,-0.7711665,0.7821395,0.6073353,-0.784291,0.8319023,0.5834165,-0.7702129,0.8048201,0.5891627,-0.7597991,0.786609,0.589424,-0.7674879,0.8353436,0.5612242,-0.7724576,0.8154184,0.5649157,-0.7621156,0.8007483,0.5674307,-0.7671751,0.8544531,0.5822958,-0.8182144,0.02992744,
1529413987097,0.8473378,0.5967813,-0.8484491,0.8174135,0.6109757,-0.8301321,0.7971228,0.6122428,-0.8158239,0.8302588,0.6240944,-0.7829442,0.8060732,0.6264774,-0.7789173,0.7961618,0.6191616,-0.7908992,0.8302377,0.6059933,-0.7742916,0.8013866,0.6100733,-0.7718004,0.7885455,0.6056675,-0.7864125,0.836605,0.5842271,-0.7687252,0.8094833,0.5892239,-0.7593449,0.7921044,0.5889043,-0.7685654,0.8401969,0.5624289,-0.7708032,0.8203551,0.5661235,-0.7609774,0.8062489,0.5685244,-0.7672216,0.8583273,0.5834318,-0.8168378,0.02588495,
1529413987121,0.8397997,0.5960835,-0.8469154,0.8094524,0.6082498,-0.8279916,0.7894466,0.6072731,-0.8134626,0.8217579,0.6232724,-0.7822631,0.7976844,0.624634,-0.7793486,0.7891223,0.6168668,-0.7920308,0.8219378,0.6051691,-0.7738283,0.7931675,0.6082017,-0.7727519,0.7816613,0.6032681,-0.7882414,0.8283764,0.58362,-0.7683948,0.8008858,0.5876932,-0.7610884,0.7847215,0.5866384,-0.7721769,0.8324678,0.5620817,-0.7702494,0.8122106,0.5654387,-0.7617613,0.7988594,0.5675107,-0.7694454,0.8509389,0.583422,-0.8156632,0.02348328,
1529413987148,0.8396528,0.5965576,-0.8465282,0.8094761,0.6082122,-0.827029,0.7896529,0.6067778,-0.8123173,0.8220142,0.62353,-0.7819653,0.7980871,0.6248814,-0.7793896,0.7898449,0.6171185,-0.7923341,0.8219752,0.6051956,-0.7739235,0.7932943,0.6081252,-0.7734662,0.7822717,0.6032481,-0.7893357,0.828484,0.583715,-0.7683365,0.8011456,0.5878597,-0.7612296,0.7853453,0.5868942,-0.7727549,0.8325073,0.5621032,-0.7702775,0.8124367,0.5654676,-0.7617559,0.7992021,0.5677024,-0.7696294,0.8508682,0.5838223,-0.8156677,0.022501,
1529413987188,0.8432857,0.5967261,-0.8472145,0.8133252,0.6079478,-0.8271633,0.7938746,0.6060115,-0.8120977,0.8262617,0.6240132,-0.782925,0.8024236,0.6249542,-0.7804679,0.7944901,0.6169053,-0.7934535,0.826438,0.6056909,-0.7749172,0.7978528,0.6080942,-0.7748019,0.7872183,0.6028523,-0.7908556,0.8333476,0.5844536,-0.7689683,0.8060941,0.588392,-0.7617506,0.7904286,0.5871393,-0.7733454,0.8376678,0.5628396,-0.7706298,0.8178271,0.5660825,-0.7618108,0.8045161,0.5681614,-0.769626,0.8550671,0.5843719,-0.8165307,0.02160225,
1529413987214,0.8449479,0.5970931,-0.8477921,0.8149872,0.6083055,-0.8277798,0.7956846,0.6062061,-0.812579,0.827893,0.6250795,-0.7840303,0.8039864,0.6256136,-0.7817303,0.796249,0.6172915,-0.7946529,0.828334,0.6070141,-0.7756685,0.7998085,0.6090206,-0.7757328,0.7894204,0.6033758,-0.7918254,0.8353086,0.5859757,-0.7695339,0.807983,0.5896614,-0.7628329,0.7925553,0.5879796,-0.7747368,0.8398587,0.5644972,-0.7707489,0.8199342,0.5677845,-0.7621815,0.806701,0.5696013,-0.7701892,0.8570129,0.5853388,-0.8169347,0.02108437,
1529413987241,0.8463435,0.5983087,-0.8479356,0.816489,0.6097005,-0.8279226,0.797412,0.6074896,-0.8125208,0.8295153,0.6270429,-0.7846655,0.8055373,0.6271858,-0.7824029,0.7979492,0.6186098,-0.7952114,0.8302656,0.6093563,-0.7758553,0.8017828,0.6110923,-0.7758441,0.7914354,0.6050568,-0.7918359,0.8372262,0.588452,-0.7696245,0.8098605,0.5919042,-0.7633981,0.7946818,0.5897717,-0.7755817,0.8419297,0.5670834,-0.7703931,0.821892,0.5704123,-0.7620398,0.8087015,0.571973,-0.7701542,0.8587342,0.5871676,-0.8169245,0.02058061,
1529413987267,0.8487266,0.6007103,-0.8473245,0.8190963,0.611986,-0.8268792,0.8000395,0.6097675,-0.8114449,0.8325501,0.6283473,-0.7834595,0.8085858,0.628803,-0.7811863,0.800869,0.6205454,-0.7941346,0.8330925,0.6103753,-0.7750857,0.8046246,0.6124651,-0.7750472,0.794147,0.606891,-0.7911479,0.8397214,0.5892193,-0.7694537,0.8123366,0.5928437,-0.763306,0.7971737,0.5911474,-0.7755842,0.8442178,0.5678747,-0.770633,0.8242211,0.5713149,-0.7622877,0.8111126,0.5732069,-0.7704577,0.8611297,0.5887864,-0.8166877,0.02040824,
1529413987294,0.8519557,0.6036477,-0.8473492,0.8224996,0.6148282,-0.8266159,0.8033972,0.6124771,-0.811242,0.8357644,0.6302203,-0.7832752,0.8118379,0.6309839,-0.7813956,0.8042423,0.6229838,-0.7946106,0.8360037,0.6119835,-0.7752597,0.8075894,0.6144628,-0.7755535,0.7972256,0.6093369,-0.7919009,0.8423289,0.5906352,-0.7699419,0.8148675,0.5946256,-0.7636824,0.7995102,0.5935099,-0.775793,0.8466986,0.5691935,-0.7713339,0.8268661,0.572728,-0.762683,0.8137078,0.575027,-0.7706727,0.8639773,0.590878,-0.817032,0.01969036,
1529413987329,0.8604925,0.608546,-0.8494136,0.8313631,0.6211232,-0.8289391,0.8120495,0.6202648,-0.8134997,0.844905,0.6349673,-0.7849274,0.8208133,0.636092,-0.782532,0.8125651,0.6282353,-0.7954258,0.8452109,0.6168761,-0.7766315,0.8166531,0.6198817,-0.7760217,0.8054721,0.6149414,-0.7918613,0.8513961,0.5953962,-0.7714468,0.8240799,0.5997176,-0.7646125,0.8083525,0.5987428,-0.7763001,0.8556293,0.573861,-0.7728294,0.835987,0.5775877,-0.7636088,0.8226001,0.5799743,-0.7711277,0.8725371,0.59525,-0.8188746,0.01976004,
1529413987361,0.8660758,0.6114225,-0.8503986,0.8374527,0.6249435,-0.8297271,0.8181953,0.6253017,-0.81406,0.8519773,0.6375145,-0.7851461,0.827709,0.6391653,-0.7817589,0.8183291,0.6315806,-0.7940627,0.8524811,0.6194088,-0.7766719,0.8236791,0.6230698,-0.7744554,0.8111271,0.6185742,-0.7893367,0.8587363,0.5977469,-0.771704,0.8317845,0.6023808,-0.763558,0.8155155,0.6016559,-0.7744583,0.8627158,0.5760388,-0.7734431,0.8434249,0.5797871,-0.7632189,0.8296869,0.582315,-0.7699192,0.878616,0.5976315,-0.8199397,0.02096036,
1529413987388,0.8777202,0.617052,-0.850678,0.8496441,0.6313038,-0.8296816,0.83058,0.6326624,-0.8137219,0.8650523,0.6424794,-0.7845628,0.8407557,0.6443909,-0.7800943,0.8304888,0.6370022,-0.7918049,0.8659176,0.6243362,-0.7760437,0.83707,0.6282784,-0.7723058,0.8234614,0.6240497,-0.7863009,0.8723755,0.602579,-0.7714581,0.8457425,0.6072538,-0.7621085,0.8290089,0.606605,-0.7722244,0.8763101,0.5808315,-0.7735575,0.857349,0.5845058,-0.7625583,0.843326,0.5870216,-0.768607,0.8909169,0.6026969,-0.8203646,0.0223427,
1529413987414,0.8861456,0.6213732,-0.8509551,0.8587775,0.6364314,-0.8295625,0.8401066,0.6386707,-0.8131646,0.8754467,0.647132,-0.7845417,0.8512105,0.6491405,-0.7792418,0.8404032,0.6416774,-0.7904071,0.8766571,0.6291083,-0.7758356,0.8479179,0.6331428,-0.7711205,0.8337396,0.628791,-0.7845142,0.8832721,0.6073959,-0.7712853,0.8569535,0.6121733,-0.7611939,0.8399721,0.6113679,-0.7708409,0.8870996,0.5856635,-0.7733717,0.8684123,0.5895107,-0.761915,0.8542525,0.5919282,-0.7676164,0.9002627,0.6070238,-0.8207383,0.02295716,
1529413987441,0.9002675,0.6289292,-0.8518454,0.8737117,0.6450996,-0.8302525,0.8554936,0.6483511,-0.8134186,0.8912112,0.6555759,-0.7856772,0.8669839,0.6574419,-0.779815,0.8558612,0.6497226,-0.7904921,0.8928074,0.6378676,-0.7765864,0.8641987,0.6417603,-0.7713573,0.8498478,0.6369747,-0.7844132,0.8995841,0.6163382,-0.7717716,0.873432,0.6211973,-0.7612354,0.8562955,0.6200621,-0.7705113,0.9033708,0.5946587,-0.7734975,0.8848198,0.5987509,-0.761845,0.8705705,0.6009646,-0.7673606,0.9152028,0.6148978,-0.8215506,0.02297044,
1529413987467,0.9132682,0.6336708,-0.8516894,0.8872128,0.6506323,-0.8300848,0.8691863,0.6545938,-0.8131573,0.9047971,0.6602672,-0.785458,0.8806181,0.6621968,-0.7794186,0.8694144,0.654524,-0.7900311,0.9063739,0.6426246,-0.7763026,0.8779151,0.6465834,-0.7709911,0.8636301,0.6417679,-0.7841132,0.9130386,0.6210881,-0.7714756,0.8870046,0.6260672,-0.7608504,0.8699135,0.6249527,-0.7701613,0.9166626,0.5994415,-0.7731596,0.8982086,0.603701,-0.7615056,0.8840446,0.6059462,-0.7671478,0.928252,0.6194071,-0.8213748,0.02312748,
1529413987503,0.9301783,0.6399512,-0.8517361,0.9049721,0.6576245,-0.8297274,0.8876024,0.6621137,-0.8122231,0.9237309,0.6676842,-0.7859631,0.8996836,0.6691903,-0.7793398,0.8883984,0.6610637,-0.789521,0.9259392,0.6504429,-0.7763899,0.8976765,0.6540201,-0.7704318,0.8832583,0.6485865,-0.783164,0.9331497,0.6292167,-0.7711304,0.9075074,0.6341693,-0.7596909,0.8901755,0.6325909,-0.7684247,0.9368786,0.6075974,-0.7724349,0.9187833,0.6119742,-0.7603505,0.9045092,0.6138787,-0.7657486,0.9463881,0.6263562,-0.8215296,0.02274024,
1529413987534,0.9499402,0.6464343,-0.8512716,0.9253808,0.6642086,-0.8285874,0.9086248,0.6691424,-0.8105422,0.9455119,0.6742829,-0.7854647,0.9216735,0.6751084,-0.7779466,0.9101982,0.6666189,-0.7876388,0.9485498,0.6572511,-0.7758802,0.9204353,0.6600935,-0.7689106,0.9056771,0.6541762,-0.7810525,0.9564819,0.6362884,-0.7707411,0.9311579,0.6406467,-0.7584514,0.9135569,0.6385329,-0.766565,0.9606217,0.6148032,-0.772053,0.9428037,0.6188413,-0.7595448,0.9283178,0.6203194,-0.7646012,0.9677089,0.6332775,-0.8215427,0.0230957,
1529413987561,0.9661463,0.6511051,-0.8511672,0.9422842,0.6687454,-0.8276622,0.9259545,0.6734892,-0.80918,0.9631532,0.6780065,-0.7849945,0.9394702,0.6789991,-0.777198,0.9277824,0.6707561,-0.786899,0.9660797,0.6607224,-0.7757522,0.9381053,0.6637454,-0.7684383,0.9231498,0.658181,-0.7805324,0.9739102,0.639667,-0.7709841,0.9488752,0.6442533,-0.7580733,0.9310463,0.6425506,-0.7657619,0.9776531,0.618143,-0.7727506,0.9600646,0.6222537,-0.7600032,0.9455571,0.6239859,-0.7649265,0.9841955,0.637304,-0.8220405,0.02252229,
1529413987588,0.9874162,0.6563709,-0.8497715,0.9644876,0.6736991,-0.8251213,0.9490803,0.6784149,-0.8058196,0.9872644,0.6833682,-0.7836089,0.9640156,0.6835966,-0.7744925,0.9519361,0.6750169,-0.7834845,0.9912155,0.6662504,-0.7744459,0.9635993,0.6684107,-0.7655354,0.9480993,0.66242,-0.7767281,0.9999553,0.6455291,-0.7700062,0.9755883,0.6494565,-0.7555231,0.9571846,0.6473147,-0.7618264,1.004315,0.6240937,-0.7718185,0.987502,0.6276983,-0.7579496,0.9725882,0.6290327,-0.7618313,1.007382,0.6432139,-0.8216125,0.02277195,
1529413987615,1.000385,0.6606518,-0.848618,0.9783428,0.67795,-0.8231431,0.963627,0.6827599,-0.8033114,1.002506,0.6871288,-0.7823118,0.9796155,0.6870966,-0.7724459,0.9672476,0.6784432,-0.7810715,1.006958,0.6700036,-0.7733654,0.9796717,0.671949,-0.7633703,0.9637616,0.6659355,-0.7739565,1.015959,0.6493036,-0.7694045,0.9921006,0.6529969,-0.7539536,0.9733279,0.6508317,-0.7593375,1.020593,0.6279059,-0.7713859,1.004473,0.6313094,-0.7567924,0.9893295,0.6325901,-0.7599927,1.021472,0.6473233,-0.8212369,0.02294247,
1529413987715,1.044624,0.6743318,-0.8417751,1.025233,0.691048,-0.8138484,1.012273,0.6959143,-0.7927164,1.052803,0.6976814,-0.7742744,1.030807,0.6985008,-0.7606501,1.015975,0.6911331,-0.766167,1.057738,0.6801107,-0.7665824,1.031552,0.6826634,-0.7527457,1.013526,0.6777858,-0.7602932,1.068026,0.658916,-0.7638338,1.047522,0.6626859,-0.7436218,1.027687,0.6616925,-0.7441567,1.071736,0.6367778,-0.7675822,1.058564,0.6389416,-0.7495339,1.043026,0.6406943,-0.7482262,1.067491,0.6592702,-0.8168731,0.02722934,
1529413987734,1.054295,0.6773036,-0.8419093,1.03544,0.6939193,-0.8135401,1.022793,0.6990192,-0.7922239,1.063828,0.6997826,-0.7741802,1.042076,0.7008618,-0.7597871,1.026795,0.6938325,-0.7645294,1.06886,0.6821496,-0.7667845,1.042993,0.6850202,-0.7520095,1.024481,0.680496,-0.7586288,1.079264,0.6607087,-0.7644314,1.059581,0.6645097,-0.7431725,1.039684,0.6638479,-0.742366,1.082704,0.6384315,-0.7685993,1.070255,0.6402913,-0.7498353,1.054816,0.6421124,-0.7473089,1.077477,0.6618196,-0.8175985,0.02845887,
1529413987762,1.083586,0.6806595,-0.8489205,1.066926,0.6969876,-0.8190218,1.055714,0.7021345,-0.7969059,1.098087,0.7022486,-0.7818146,1.077294,0.7041615,-0.7659097,1.061357,0.6978157,-0.7693374,1.103097,0.6843868,-0.774932,1.078407,0.6883087,-0.7580887,1.059088,0.6846908,-0.7628099,1.112962,0.6624123,-0.7735175,1.095147,0.6667538,-0.7505013,1.075395,0.6669582,-0.7474179,1.115353,0.6400307,-0.7782364,1.10459,0.6420177,-0.7582143,1.089659,0.6442943,-0.7535393,1.107838,0.6642355,-0.8264633,0.02846944,
1529413987789,1.100799,0.6824502,-0.8511518,1.085131,0.6984023,-0.8204964,1.074597,0.7035769,-0.7980287,1.117733,0.7039046,-0.7845861,1.097465,0.7062691,-0.7678765,1.081239,0.7002229,-0.7704517,1.122904,0.686001,-0.7779109,1.098956,0.690544,-0.7598013,1.079218,0.6874035,-0.7631038,1.132762,0.6637273,-0.7768924,1.116288,0.6683249,-0.7527924,1.096794,0.6689107,-0.7482918,1.134737,0.6412283,-0.7818642,1.125288,0.6431496,-0.7610134,1.110877,0.6455388,-0.7548838,1.125631,0.6659026,-0.8297253,0.02856341,
1529413987814,1.110697,0.6821895,-0.8526142,1.095522,0.6976097,-0.8214158,1.085379,0.7026808,-0.798735,1.129387,0.7038032,-0.786486,1.109567,0.7065296,-0.7691754,1.093221,0.7005919,-0.7710823,1.134753,0.6858396,-0.7800128,1.111397,0.6908318,-0.7608593,1.0914,0.688004,-0.7628307,1.144915,0.6633153,-0.7792664,1.129776,0.6680193,-0.7540944,1.110692,0.6688439,-0.7480484,1.146662,0.6407167,-0.7844837,1.138419,0.6424438,-0.7629495,1.12457,0.6447723,-0.7556633,1.136145,0.6657643,-0.8319932,0.02881895,
1529413987841,1.123989,0.6810145,-0.8551432,1.109481,0.69635,-0.8235787,1.099842,0.7015321,-0.800686,1.144693,0.7028008,-0.7895137,1.125466,0.7057699,-0.7714221,1.108996,0.6999458,-0.7724686,1.150409,0.6849188,-0.7831714,1.127875,0.6902863,-0.7628861,1.107723,0.6876909,-0.7634924,1.160822,0.6622123,-0.7827225,1.147184,0.6670439,-0.7564851,1.128672,0.6680247,-0.7489791,1.162377,0.639498,-0.7880617,1.155344,0.6410671,-0.7659904,1.142058,0.643308,-0.7577121,1.150108,0.6646645,-0.8352379,0.02970751,
1529413987868,1.131352,0.6802555,-0.8563424,1.117496,0.6952825,-0.8243334,1.108348,0.7003448,-0.8012041,1.153704,0.7018563,-0.7911478,1.134947,0.7048519,-0.7724919,1.118441,0.6990678,-0.7729871,1.159718,0.6840032,-0.7850174,1.137867,0.6894977,-0.7638713,1.117671,0.68705,-0.7634965,1.170313,0.6611655,-0.7849459,1.157838,0.6659049,-0.7579961,1.139772,0.666903,-0.7495964,1.171748,0.638401,-0.7904897,1.165767,0.6397119,-0.7680053,1.153024,0.6418256,-0.7588925,1.158067,0.6639057,-0.8372098,0.029995,
1529413987903,1.141908,0.6784704,-0.8561669,1.129219,0.6932653,-0.8235533,1.120871,0.6983152,-0.800128,1.166954,0.6994599,-0.7916851,1.148936,0.7024866,-0.7724254,1.132415,0.6967843,-0.7725512,1.173197,0.68159,-0.7858861,1.152467,0.6873773,-0.7636076,1.132271,0.6852937,-0.7620371,1.183224,0.6585352,-0.7864764,1.171772,0.6632336,-0.7589492,1.154188,0.6644234,-0.7494861,1.184438,0.635865,-0.7922566,1.179463,0.6371546,-0.7695019,1.167259,0.6393335,-0.7596217,1.169242,0.6618366,-0.8382127,0.02993472,
1529413987936,1.151335,0.6742282,-0.8574578,1.139077,0.6891387,-0.824723,1.131011,0.6944469,-0.8012411,1.177748,0.6945817,-0.7930642,1.160271,0.6976317,-0.7732837,1.143696,0.692075,-0.7729342,1.18427,0.6767942,-0.7874598,1.164454,0.6828214,-0.7643261,1.144333,0.6809976,-0.7618449,1.193789,0.6535533,-0.7885116,1.182801,0.6581143,-0.7607474,1.165459,0.6593374,-0.750694,1.194931,0.6309758,-0.7944812,1.190329,0.6322252,-0.7716881,1.178252,0.6344028,-0.7616063,1.179003,0.657255,-0.8399805,0.03110977,
1529413987961,1.156925,0.671074,-0.8558552,1.145424,0.6856644,-0.8227055,1.137926,0.6906272,-0.7989835,1.184993,0.690726,-0.7918126,1.16814,0.6934358,-0.7715403,1.1516,0.6878141,-0.7709285,1.191756,0.672963,-0.7865632,1.172713,0.6787058,-0.7627732,1.152683,0.6768042,-0.7597962,1.200722,0.6498154,-0.7882085,1.189839,0.6540984,-0.7603666,1.172539,0.6551301,-0.7501917,1.201926,0.6274567,-0.7943975,1.197392,0.6287563,-0.7716604,1.185263,0.6309049,-0.7615845,1.185064,0.6539534,-0.8392177,0.03133655,
1529413987988,1.163708,0.666669,-0.8552291,1.152888,0.681021,-0.8217579,1.145872,0.6853194,-0.7978355,1.193134,0.6854742,-0.791449,1.17671,0.6879658,-0.7710168,1.160167,0.6824135,-0.7706148,1.199761,0.6676732,-0.7864364,1.181186,0.6732821,-0.7624506,1.161172,0.6714239,-0.759647,1.207943,0.6446009,-0.7884642,1.196912,0.6488716,-0.7607352,1.17948,0.6499658,-0.7508177,1.208984,0.6225151,-0.7947566,1.204306,0.6241724,-0.7721959,1.19189,0.626568,-0.7625491,1.191928,0.6491542,-0.8391522,0.03088288,
1529413988014,1.16809,0.6620259,-0.8577938,1.157055,0.6764125,-0.824427,1.149958,0.680355,-0.8005091,1.197057,0.6807718,-0.7937022,1.180625,0.6829261,-0.7732625,1.164109,0.6772892,-0.7729721,1.203769,0.6630738,-0.7886468,1.185066,0.6683142,-0.7648072,1.165062,0.6662021,-0.7624351,1.212186,0.6401682,-0.7906543,1.201096,0.6442821,-0.7629611,1.183595,0.6452107,-0.7531871,1.213432,0.6181329,-0.7969382,1.208647,0.6197608,-0.7744787,1.196005,0.6220759,-0.7651613,1.196298,0.6446041,-0.8414665,0.03111166,
1529413988040,1.174001,0.6549206,-0.8581961,1.163368,0.668745,-0.824483,1.156628,0.6719097,-0.800386,1.203412,0.6727378,-0.7940189,1.187284,0.6742015,-0.7733586,1.170818,0.668438,-0.7731417,1.210235,0.6550564,-0.7892844,1.191681,0.6594825,-0.7653916,1.171725,0.6570028,-0.7634627,1.218835,0.6324328,-0.791732,1.207941,0.6360158,-0.7639766,1.190389,0.6365998,-0.7543423,1.220268,0.6105555,-0.7983314,1.215671,0.6119015,-0.7759292,1.20286,0.6140245,-0.7668806,1.202347,0.6374627,-0.8423457,0.03091367,
1529413988067,1.176731,0.6502928,-0.8573971,1.166941,0.6635388,-0.8232253,1.160799,0.665874,-0.7989229,1.207238,0.6667757,-0.7935205,1.191373,0.6676841,-0.7727184,1.174902,0.6619539,-0.7726436,1.214006,0.6490548,-0.7891691,1.195716,0.6529435,-0.7650974,1.175797,0.6504217,-0.7633532,1.222263,0.6265863,-0.7921039,1.211397,0.6297448,-0.764345,1.193772,0.6301974,-0.7549121,1.223609,0.6049137,-0.7990003,1.219118,0.6060805,-0.7766325,1.206242,0.6081902,-0.7677044,1.205199,0.6324285,-0.8423222,0.03008112,
1529413988094,1.180093,0.6448324,-0.8570207,1.171145,0.6577164,-0.8224992,1.16559,0.6594468,-0.7980579,1.211658,0.6605626,-0.7936999,1.195942,0.6610216,-0.77297,1.179482,0.6552925,-0.7732747,1.218207,0.6428365,-0.7896121,1.199883,0.6463051,-0.7657284,1.179982,0.6436857,-0.7645779,1.226306,0.6204994,-0.7927612,1.215423,0.6234403,-0.7650795,1.197673,0.6238518,-0.7559645,1.227512,0.5989759,-0.7997569,1.223144,0.6001201,-0.7773964,1.210286,0.6022955,-0.7684476,1.208658,0.6267685,-0.8426121,0.02871336,
1529413988130,1.183423,0.6340331,-0.8566638,1.175104,0.6456037,-0.8215643,1.170057,0.6457438,-0.7970315,1.215414,0.6478034,-0.7935163,1.199523,0.6470996,-0.7731552,1.183146,0.641317,-0.7743667,1.221786,0.6301142,-0.7899923,1.203022,0.6324341,-0.7666421,1.183197,0.6295588,-0.766737,1.230044,0.6080999,-0.7936753,1.218992,0.6101884,-0.7660545,1.201089,0.6103026,-0.7573875,1.231287,0.5869502,-0.8011624,1.226913,0.5876699,-0.778839,1.213971,0.5896955,-0.7699875,1.212065,0.6157197,-0.8431253,0.02654455,
