time,thumb1x,thumb1y,thumb1z,thumb2x,thumb2y,thumb2z,thumb3x,thumb3y,thumb3z,index1x,index1y,index1z,index2x,index2y,index2z,index3x,index3y,index3z,middle1x,middle1y,middle1z,middle2x,middle2y,middle2z,middle3x,middle3y,middle3z,ring1x,ring1y,ring1z,ring2x,ring2y,ring2z,ring3x,ring3y,ring3z,pinky1x,pinky1y,pinky1z,pinky2x,pinky2y,pinky2z,pinky3x,pinky3y,pinky3z,palmx,palmy,palmz,pinch,
1529062222793,1.118668,0.4936047,-0.8546112,1.132249,0.4734691,-0.826148,1.147793,0.4552405,-0.8167148,1.149559,0.4937592,-0.8042555,1.138776,0.4698748,-0.8041384,1.128664,0.4640253,-0.818236,1.162213,0.4867631,-0.8135151,1.145069,0.4635009,-0.8134485,1.131438,0.4610584,-0.8292022,1.177117,0.4811999,-0.8263745,1.161578,0.4594145,-0.8214728,1.145219,0.4557687,-0.8334559,1.188553,0.4753807,-0.8408576,1.178792,0.458549,-0.8305933,1.163404,0.453688,-0.8336935,1.150107,0.5013648,-0.8541086,0.021104,
1529062222851,1.119927,0.4929268,-0.8551757,1.133268,0.4734929,-0.8261352,1.148764,0.4555083,-0.8161187,1.149569,0.4951511,-0.8042787,1.138678,0.4713632,-0.8037494,1.128908,0.4652302,-0.8179579,1.162348,0.4878291,-0.8130689,1.145052,0.464621,-0.8126994,1.131772,0.4617245,-0.8286645,1.177285,0.4817648,-0.8254961,1.161305,0.4600412,-0.8202977,1.145196,0.4558446,-0.8324163,1.188981,0.4754002,-0.8394293,1.178502,0.4592323,-0.8292752,1.163141,0.4550454,-0.8332263,1.15118,0.500928,-0.8542155,0.02218539,
1529062222873,1.119567,0.4935036,-0.8557705,1.132473,0.4742866,-0.8264234,1.147845,0.4563351,-0.8162578,1.149067,0.4961669,-0.8048531,1.138077,0.4724542,-0.8042799,1.128399,0.4663367,-0.8185499,1.162038,0.4887717,-0.8132747,1.144778,0.4655187,-0.812539,1.13151,0.462309,-0.8284494,1.177156,0.4825719,-0.8255185,1.161325,0.460834,-0.8198524,1.145196,0.4563111,-0.8318108,1.188985,0.4760138,-0.8394229,1.178794,0.4598138,-0.8288355,1.163439,0.4552723,-0.8323852,1.151026,0.501503,-0.854764,0.02198702,
1529062222913,1.118544,0.4947018,-0.8536689,1.130944,0.4760125,-0.823854,1.146495,0.458417,-0.813506,1.14675,0.4987632,-0.8024049,1.136036,0.4750193,-0.8022064,1.126883,0.4689897,-0.8168433,1.160088,0.4915458,-0.8102406,1.143135,0.467971,-0.8097076,1.130326,0.464256,-0.825892,1.17571,0.4854239,-0.8219121,1.160092,0.4633765,-0.8162115,1.144265,0.4582549,-0.8283126,1.18777,0.4788673,-0.8354328,1.177395,0.462558,-0.824852,1.162221,0.4574948,-0.8285539,1.15001,0.503395,-0.852044,0.02252854,
1529062222953,1.11918,0.4955505,-0.8538902,1.131081,0.4773987,-0.8235878,1.146351,0.4597814,-0.8130212,1.148365,0.5007347,-0.8031078,1.137249,0.4771842,-0.8020777,1.12786,0.4708585,-0.8164316,1.161556,0.493063,-0.8107866,1.144228,0.4696904,-0.8091805,1.131076,0.4654579,-0.8249683,1.176722,0.4862712,-0.8226294,1.160624,0.4646013,-0.8162028,1.144528,0.4592424,-0.8278968,1.188267,0.479078,-0.8361009,1.177194,0.463453,-0.8254206,1.161883,0.4590465,-0.8293833,1.151153,0.503823,-0.8528773,0.02182307,
1529062222979,1.117767,0.4972755,-0.8549249,1.129675,0.4798067,-0.8242235,1.144983,0.462458,-0.813351,1.148723,0.5032203,-0.8048637,1.137851,0.4795129,-0.8028516,1.128131,0.472541,-0.8166814,1.161954,0.495491,-0.8125877,1.144984,0.4717866,-0.8095351,1.131206,0.4665768,-0.8245069,1.176987,0.4886493,-0.8246836,1.161583,0.466751,-0.8168008,1.145105,0.4603738,-0.8274529,1.188376,0.4812315,-0.8385025,1.17833,0.4654602,-0.8266861,1.162985,0.4602619,-0.8293763,1.150183,0.505542,-0.8549039,0.01991854,
1529062223021,1.116291,0.4983919,-0.8549103,1.127545,0.4817245,-0.8235924,1.142797,0.4646692,-0.8124224,1.146833,0.5057496,-0.8046353,1.13607,0.4820555,-0.8021379,1.126645,0.4746541,-0.8159441,1.160404,0.497927,-0.8117914,1.14365,0.4740469,-0.8078682,1.129916,0.4679201,-0.8225467,1.175743,0.4909357,-0.8234505,1.160707,0.468998,-0.8145756,1.144356,0.4616488,-0.8247987,1.187473,0.4831708,-0.8370637,1.177926,0.4675372,-0.824496,1.162729,0.4617267,-0.8266759,1.149014,0.5067765,-0.8547729,0.01931274,
1529062223046,1.117687,0.4969027,-0.8546048,1.129198,0.4802666,-0.8233221,1.1445,0.4632544,-0.8121769,1.148458,0.504926,-0.80441,1.137695,0.4812928,-0.8015329,1.128056,0.473825,-0.8151467,1.16174,0.496962,-0.8117841,1.144842,0.4732122,-0.8078518,1.131095,0.4671585,-0.8225579,1.176697,0.4896856,-0.8236818,1.161146,0.467963,-0.8152609,1.144744,0.4610756,-0.8257573,1.188226,0.4818581,-0.8370596,1.178005,0.4664335,-0.8247902,1.162713,0.4609861,-0.827337,1.150267,0.5054511,-0.8545903,0.01977257,
1529062223072,1.116489,0.4971942,-0.8544378,1.127889,0.4806418,-0.823106,1.143229,0.4636717,-0.8119483,1.147047,0.505589,-0.8041189,1.136384,0.4819703,-0.8012238,1.127039,0.4743804,-0.8149797,1.160387,0.497566,-0.8115319,1.143495,0.4738317,-0.8077073,1.129863,0.4677974,-0.8225286,1.175338,0.490373,-0.8232411,1.159778,0.4685715,-0.8147581,1.143559,0.4612888,-0.8252995,1.186906,0.4825234,-0.8365406,1.176501,0.467216,-0.8243817,1.161287,0.4617806,-0.8273198,1.149143,0.5058708,-0.8543636,0.01964658,
1529062223098,1.115815,0.4972439,-0.8533336,1.127444,0.4813731,-0.8217152,1.143055,0.4648827,-0.8102285,1.146638,0.5069473,-0.8033297,1.13645,0.4831235,-0.79997,1.127124,0.4750363,-0.8134673,1.160013,0.4990554,-0.8107853,1.143541,0.4750302,-0.8066037,1.129935,0.4684941,-0.8212479,1.17502,0.4919824,-0.8224607,1.159857,0.4699033,-0.8135405,1.143679,0.4619576,-0.8237029,1.18665,0.4841665,-0.8356936,1.176523,0.4687899,-0.8232658,1.161392,0.4629357,-0.8259201,1.148448,0.5065506,-0.8535902,0.01916751,
1529062223126,1.1137,0.4995938,-0.8533494,1.124608,0.4839169,-0.8214213,1.139796,0.4672342,-0.809675,1.144881,0.5090063,-0.8033626,1.13429,0.4853569,-0.7996918,1.124986,0.4770854,-0.8131064,1.158109,0.5007901,-0.8107632,1.141225,0.4770394,-0.8063481,1.127674,0.470392,-0.8209931,1.173004,0.4933181,-0.822386,1.157419,0.4715652,-0.8132459,1.141156,0.4636609,-0.8233296,1.184519,0.4851419,-0.8355689,1.174092,0.4700325,-0.8229737,1.158866,0.4643164,-0.82548,1.146786,0.5081407,-0.8537168,0.01811464,
1529062223151,1.114012,0.499244,-0.8538234,1.124591,0.4840509,-0.8215948,1.139912,0.4677097,-0.8096327,1.144453,0.5097694,-0.8035086,1.134202,0.4860273,-0.7997161,1.125155,0.4775503,-0.8131694,1.157942,0.5017309,-0.8105324,1.141459,0.4777817,-0.8059951,1.128255,0.4707548,-0.8207655,1.173176,0.4943628,-0.8218676,1.157911,0.47254,-0.8126805,1.141925,0.4643921,-0.8229851,1.185055,0.486204,-0.8348221,1.174844,0.4710702,-0.822134,1.159724,0.4650645,-0.8246776,1.147079,0.5083263,-0.8538169,0.01808635,
1529062223178,1.113596,0.5005263,-0.8537243,1.124884,0.4848292,-0.8220168,1.140503,0.4682718,-0.8107399,1.145278,0.5104964,-0.8039228,1.135123,0.4866934,-0.8000475,1.125726,0.478285,-0.8133014,1.158612,0.5025408,-0.8113142,1.142282,0.4785393,-0.8065534,1.128757,0.4716347,-0.8210722,1.173673,0.4953259,-0.8230399,1.158783,0.4733153,-0.8134084,1.142543,0.4650325,-0.8231594,1.185144,0.4871974,-0.8365248,1.17529,0.471852,-0.8236945,1.16009,0.4658076,-0.8257009,1.146656,0.5096608,-0.854329,0.01803283,
1529062223205,1.113967,0.5008831,-0.8530796,1.125397,0.4851131,-0.8214241,1.14112,0.4686774,-0.8100286,1.144986,0.5113264,-0.8029914,1.135018,0.4874057,-0.7991848,1.125795,0.4788422,-0.812476,1.158436,0.5034798,-0.8103133,1.142257,0.4793147,-0.8057058,1.128869,0.4722734,-0.8202972,1.173558,0.4963791,-0.8219701,1.158685,0.4741993,-0.8125539,1.142582,0.4657474,-0.8224192,1.185079,0.4883937,-0.8353206,1.175007,0.472989,-0.8227289,1.159883,0.4668545,-0.8250539,1.146817,0.5104357,-0.8533925,0.01855193,
1529062223248,1.113821,0.5022354,-0.8531894,1.125342,0.4860972,-0.8217695,1.141127,0.469532,-0.8106387,1.144516,0.5118821,-0.8030801,1.134477,0.4878449,-0.7998703,1.125369,0.4794919,-0.813377,1.157995,0.5042306,-0.8103955,1.141792,0.4799452,-0.8063246,1.128592,0.4730333,-0.8211513,1.173431,0.4973853,-0.8219094,1.15874,0.4750145,-0.8125881,1.142645,0.4664693,-0.8224076,1.185618,0.489569,-0.8353334,1.176523,0.4737446,-0.8222421,1.161493,0.4670898,-0.8235551,1.146553,0.5118358,-0.8532961,0.01884192,
1529062223272,1.114461,0.5023191,-0.8531928,1.126009,0.4861034,-0.8218038,1.141734,0.4694707,-0.8107088,1.14494,0.5119959,-0.803068,1.134748,0.4880185,-0.7999209,1.12571,0.4796859,-0.8134954,1.158432,0.5042993,-0.8102643,1.14213,0.4801059,-0.8061762,1.129032,0.4731634,-0.8210808,1.174127,0.4974456,-0.8215314,1.159605,0.4751329,-0.8117402,1.143497,0.4663379,-0.8212962,1.186617,0.4894909,-0.8350191,1.178185,0.473639,-0.8213848,1.163279,0.4666901,-0.8220581,1.147143,0.511801,-0.8532377,0.01920605,
1529062223299,1.114193,0.5014564,-0.8536994,1.125535,0.4851746,-0.8222857,1.141278,0.4685881,-0.8111256,1.143659,0.5110667,-0.803154,1.133533,0.4870414,-0.8004644,1.124793,0.4788634,-0.8143247,1.157255,0.503499,-0.8102098,1.140982,0.4792501,-0.8067675,1.128277,0.4725027,-0.8220903,1.173092,0.4967774,-0.8212641,1.158378,0.474302,-0.8120344,1.142501,0.4655059,-0.8219901,1.185898,0.4890313,-0.8344607,1.177232,0.4730384,-0.821048,1.162408,0.4659328,-0.8219764,1.146707,0.5111597,-0.8531807,0.01968641,
1529062223326,1.112742,0.5019763,-0.8549362,1.124038,0.4855943,-0.8235931,1.139829,0.4689865,-0.8124553,1.14121,0.5115724,-0.8041388,1.131018,0.4875184,-0.8018931,1.122494,0.4794645,-0.8159738,1.154852,0.5040499,-0.8110754,1.138444,0.4797928,-0.8082416,1.126002,0.4732353,-0.8238678,1.170619,0.4973156,-0.82201,1.15543,0.4747725,-0.8135571,1.139755,0.4661742,-0.8240196,1.183348,0.4897073,-0.8348534,1.173715,0.4737627,-0.8221127,1.158832,0.4669104,-0.8239254,1.145033,0.5118204,-0.853926,0.02055819,
1529062223351,1.112127,0.5020941,-0.8556719,1.123539,0.4857087,-0.8243518,1.139354,0.4691352,-0.8131267,1.140345,0.5120096,-0.8048369,1.130124,0.4879634,-0.8025614,1.121487,0.4799352,-0.8165892,1.153943,0.5044458,-0.8117877,1.137446,0.4802542,-0.8090717,1.124939,0.4738696,-0.8247192,1.169548,0.4976281,-0.822764,1.154088,0.4751502,-0.8146945,1.138432,0.466803,-0.8254001,1.182002,0.4900316,-0.8354653,1.171632,0.4742753,-0.8233102,1.156667,0.4678898,-0.8259567,1.144263,0.5120848,-0.8545513,0.02116285,
1529062223379,1.112252,0.5003384,-0.8569271,1.123663,0.4839018,-0.8256513,1.139587,0.4674028,-0.8144315,1.139396,0.5106435,-0.8057145,1.129266,0.4865927,-0.8037279,1.120839,0.4787128,-0.8179611,1.153062,0.5031515,-0.812538,1.136601,0.4789833,-0.8103764,1.124428,0.4728652,-0.8263829,1.16871,0.4963828,-0.8233434,1.153002,0.4739095,-0.8160243,1.137623,0.4658295,-0.8273336,1.181193,0.4889229,-0.8357329,1.170145,0.4732609,-0.8242994,1.155255,0.4671999,-0.8279322,1.144111,0.5106823,-0.8552773,0.02217767,
1529062223421,1.110696,0.5016389,-0.8583942,1.122527,0.4850547,-0.8273722,1.13853,0.4683927,-0.8164994,1.13841,0.5114933,-0.8075809,1.128072,0.4875761,-0.8057265,1.119442,0.4799972,-0.8199967,1.151889,0.5039361,-0.8145958,1.135235,0.4799474,-0.8125051,1.12296,0.4741169,-0.8285297,1.16743,0.4971167,-0.8254902,1.151657,0.4747953,-0.8180923,1.136159,0.4669425,-0.8293756,1.180142,0.4896192,-0.8379319,1.169668,0.4738672,-0.8258681,1.15473,0.4675694,-0.8287002,1.142519,0.5117098,-0.8570894,0.02261068,
1529062223445,1.109531,0.5025593,-0.8610889,1.121676,0.4858098,-0.8303019,1.137845,0.4691074,-0.8197441,1.137473,0.5122916,-0.8104888,1.127129,0.488401,-0.8088165,1.118348,0.481052,-0.8231158,1.150871,0.5048012,-0.8176197,1.134213,0.4808428,-0.8157076,1.121889,0.4752436,-0.8317714,1.1663,0.4980378,-0.828638,1.150481,0.4757219,-0.82149,1.13498,0.4681067,-0.832916,1.178909,0.4906452,-0.8411062,1.168342,0.4748491,-0.8291746,1.153398,0.4685747,-0.8320776,1.141235,0.5126687,-0.8598633,0.02311226,
1529062223472,1.110142,0.5023938,-0.8624095,1.121972,0.4859614,-0.8313755,1.137997,0.4692363,-0.82073,1.137334,0.5126554,-0.8115934,1.126758,0.4890166,-0.8098719,1.118243,0.4817989,-0.8243836,1.150714,0.5049381,-0.8184587,1.133855,0.4813311,-0.8166881,1.122011,0.4759312,-0.8331456,1.165998,0.4977695,-0.82938,1.149611,0.4760647,-0.8229706,1.134506,0.4693022,-0.8353693,1.178741,0.4901431,-0.8413723,1.167491,0.4748255,-0.8298297,1.152529,0.4691183,-0.8336117,1.141868,0.5122916,-0.8609469,0.02369337,
1529062223499,1.109308,0.5028109,-0.8638183,1.121274,0.4869391,-0.8326362,1.137774,0.4707033,-0.8221012,1.13647,0.5138783,-0.8131934,1.126563,0.4900129,-0.8115301,1.11835,0.4826714,-0.826141,1.150093,0.5065811,-0.8199175,1.134007,0.4825119,-0.8180599,1.122521,0.4766693,-0.8346068,1.165521,0.499772,-0.8309163,1.149742,0.477811,-0.8247294,1.135028,0.4709446,-0.8375006,1.178624,0.4925234,-0.8427827,1.167867,0.4770596,-0.8312874,1.153107,0.4711033,-0.835395,1.141041,0.5134852,-0.8624928,0.02316987,
1529062223525,1.109098,0.5037463,-0.8668967,1.121682,0.487846,-0.8359725,1.13853,0.4717612,-0.825802,1.13629,0.5148716,-0.8164366,1.126649,0.4910081,-0.8150385,1.118414,0.4840076,-0.829784,1.149896,0.5078011,-0.8232899,1.134128,0.4836708,-0.8217207,1.122821,0.4781229,-0.8384604,1.165235,0.5012108,-0.8344893,1.149644,0.4792432,-0.8288147,1.135156,0.472807,-0.8420267,1.178495,0.4942614,-0.8463081,1.16794,0.4787202,-0.8350022,1.15327,0.4728527,-0.8394538,1.140563,0.5148084,-0.8656891,0.02388469,
1529062223551,1.109012,0.5049334,-0.8689998,1.121675,0.4891963,-0.8380511,1.13857,0.4731432,-0.8279238,1.135552,0.5164711,-0.8185449,1.125813,0.4927035,-0.817299,1.117782,0.485844,-0.8322129,1.14918,0.5093369,-0.825241,1.133322,0.4853515,-0.8238981,1.122304,0.4799695,-0.8408679,1.164507,0.5026155,-0.8362867,1.1487,0.4808656,-0.8309875,1.134509,0.4747464,-0.8446347,1.177842,0.4955667,-0.8478453,1.166918,0.4802663,-0.8368618,1.152352,0.4748437,-0.8419899,1.140274,0.5160338,-0.8676037,0.02473539,
1529062223578,1.108237,0.508239,-0.8721971,1.121143,0.4926999,-0.841256,1.138064,0.4766345,-0.8312225,1.135109,0.5200809,-0.8220099,1.125249,0.4964295,-0.820523,1.117107,0.4895897,-0.8353763,1.148662,0.5127728,-0.8287834,1.132629,0.4889835,-0.8271905,1.121378,0.4837338,-0.8440479,1.163892,0.5058892,-0.839816,1.148015,0.4843483,-0.8342533,1.133711,0.4783627,-0.8478191,1.177185,0.4986646,-0.8513821,1.166373,0.4834717,-0.8400236,1.151696,0.477953,-0.8447416,1.139477,0.519218,-0.8710981,0.02498513,
1529062223605,1.107055,0.5113256,-0.8750548,1.120279,0.4965234,-0.8439038,1.137402,0.4807833,-0.8336861,1.134327,0.5242994,-0.8254315,1.124687,0.5006011,-0.8234927,1.116647,0.493406,-0.838233,1.147765,0.5169503,-0.832319,1.131946,0.4931,-0.8304712,1.12096,0.4875216,-0.8473935,1.162791,0.5099311,-0.8434489,1.146934,0.488455,-0.8378698,1.13288,0.4823445,-0.8516305,1.175922,0.5026011,-0.854902,1.164862,0.4876359,-0.8436317,1.150297,0.4822067,-0.8487465,1.138339,0.5224306,-0.8745013,0.02471372,
1529062223647,1.102025,0.5206437,-0.8806871,1.115906,0.5063987,-0.8495413,1.133108,0.4907267,-0.8392591,1.131284,0.5340253,-0.8321675,1.121576,0.5103928,-0.8293263,1.112988,0.5028244,-0.8435651,1.14439,0.5264016,-0.8394802,1.128448,0.5027081,-0.8366671,1.116823,0.4969197,-0.8530821,1.158807,0.5190274,-0.8511533,1.142866,0.4978828,-0.8450258,1.128451,0.4919539,-0.8584795,1.171696,0.5113674,-0.8628597,1.160912,0.4967299,-0.8510922,1.14607,0.4916788,-0.8557225,1.133497,0.5313556,-0.8813976,0.02386824,
1529062223671,1.099537,0.5255488,-0.8835783,1.113604,0.511844,-0.8522737,1.130894,0.4963811,-0.8418506,1.129552,0.5393993,-0.835667,1.119902,0.5157631,-0.8324236,1.111017,0.5080178,-0.8463897,1.14259,0.5317348,-0.8430315,1.126708,0.5080458,-0.8397095,1.114758,0.5020831,-0.8558322,1.156879,0.5242914,-0.8547735,1.141088,0.503132,-0.8481144,1.126459,0.4969118,-0.8612115,1.169695,0.5165513,-0.8665415,1.159185,0.5020322,-0.8544306,1.144326,0.496933,-0.8588586,1.131156,0.5362418,-0.8848848,0.02347592,
1529062223699,1.096269,0.5303265,-0.8883636,1.11121,0.5168939,-0.8573054,1.128858,0.5016826,-0.8470274,1.127525,0.5442214,-0.8413118,1.118245,0.5204346,-0.8378644,1.109107,0.5125465,-0.8515897,1.140432,0.536747,-0.8490471,1.124963,0.5128156,-0.845344,1.112736,0.506618,-0.8611721,1.154374,0.529495,-0.8612713,1.138992,0.5081336,-0.8543941,1.124247,0.5017433,-0.8672818,1.167121,0.5219755,-0.873343,1.157232,0.5072902,-0.8608832,1.14235,0.5019031,-0.8648432,1.127806,0.5412408,-0.8905857,0.02299887,
1529062223724,1.091743,0.5370963,-0.8964726,1.107083,0.5238882,-0.8654718,1.124599,0.508522,-0.855143,1.12468,0.5505276,-0.8502627,1.115131,0.5269088,-0.8461181,1.105442,0.5188924,-0.8593793,1.137259,0.5427151,-0.8583004,1.1215,0.5190883,-0.8537532,1.108599,0.5128895,-0.8690402,1.150751,0.5351341,-0.8708324,1.135299,0.5140685,-0.8631102,1.120032,0.5076423,-0.8753639,1.163034,0.5271996,-0.8833259,1.153376,0.5127684,-0.8703737,1.138226,0.5075926,-0.8736224,1.123467,0.547192,-0.8996606,0.02219129,
1529062223751,1.089221,0.5403297,-0.9026728,1.104841,0.5279253,-0.8714048,1.122397,0.512929,-0.8604578,1.123142,0.5545997,-0.8570594,1.113899,0.5309755,-0.851935,1.104074,0.5223113,-0.8646824,1.135594,0.5465833,-0.865288,1.120051,0.5229724,-0.8598347,1.10683,0.5163209,-0.874654,1.148916,0.5388129,-0.8779373,1.133767,0.5178033,-0.8693366,1.118211,0.5109107,-0.8809881,1.160697,0.5306451,-0.8906254,1.151096,0.5164697,-0.8774468,1.135927,0.5112837,-0.8806354,1.121004,0.550248,-0.9066184,0.02101476,
1529062223778,1.083539,0.5452047,-0.9104745,1.098866,0.5332175,-0.8788414,1.116048,0.5181993,-0.8672787,1.117681,0.5599033,-0.8649901,1.108057,0.5365897,-0.8592004,1.098133,0.5277106,-0.8717206,1.129936,0.5513863,-0.8731366,1.113926,0.5282682,-0.8672436,1.100621,0.5216775,-0.882003,1.143012,0.543045,-0.8856632,1.12735,0.5226066,-0.8768671,1.111761,0.5159799,-0.8886223,1.154386,0.5343944,-0.8981294,1.144072,0.5207922,-0.8850492,1.128872,0.516039,-0.8887458,1.115496,0.5544318,-0.9145812,0.02076395,
1529062223820,1.076841,0.5492011,-0.9184522,1.091915,0.5375469,-0.8865365,1.109003,0.5227475,-0.8745109,1.110926,0.5641435,-0.8727988,1.10145,0.5407889,-0.8667257,1.091554,0.5316331,-0.8790758,1.123152,0.5555647,-0.8810067,1.107183,0.5324321,-0.8751292,1.093933,0.5258279,-0.889926,1.136122,0.5471647,-0.893599,1.120322,0.5267872,-0.8851694,1.104887,0.5203902,-0.8972478,1.147412,0.538528,-0.9059498,1.136687,0.5250025,-0.8932787,1.121562,0.5205041,-0.8975365,1.108842,0.5584577,-0.9224892,0.02010607,
1529062223846,1.069064,0.5539631,-0.9259981,1.084197,0.5424361,-0.8940145,1.101175,0.5276705,-0.8817192,1.103587,0.5686696,-0.8804392,1.09408,0.5453722,-0.8740602,1.084017,0.5360872,-0.8861885,1.115654,0.5599337,-0.8888079,1.099573,0.5369264,-0.8827702,1.086141,0.5304114,-0.8974444,1.128424,0.5514237,-0.9015168,1.112505,0.531145,-0.8930047,1.09696,0.5248296,-0.9049879,1.139391,0.5427133,-0.9139472,1.128415,0.5293018,-0.9014199,1.113317,0.5249829,-0.9059188,1.10108,0.5628592,-0.9302182,0.01962683,
1529062223872,1.061719,0.5583185,-0.9321071,1.076251,0.5472356,-0.8996543,1.092731,0.5324774,-0.886618,1.096856,0.572934,-0.8867258,1.086951,0.5498999,-0.879667,1.076682,0.5403131,-0.8914033,1.108752,0.5637625,-0.8949744,1.092246,0.5411245,-0.8882915,1.078568,0.5344093,-0.9026502,1.121311,0.5547304,-0.9076165,1.104995,0.534849,-0.8985264,1.089173,0.5284974,-0.9101151,1.131893,0.5455816,-0.9199708,1.120538,0.5326022,-0.9072766,1.105382,0.5285072,-0.9117722,1.094139,0.5663286,-0.9365621,0.01848917,
1529062223898,1.054314,0.5613862,-0.9374089,1.069003,0.5504493,-0.9049026,1.085351,0.5357919,-0.891471,1.090642,0.5756161,-0.8924665,1.0808,0.5526368,-0.8847864,1.070136,0.5427845,-0.8959599,1.102339,0.5662751,-0.9009283,1.085849,0.5437109,-0.8935179,1.071613,0.5368211,-0.9072613,1.114531,0.5570954,-0.9138706,1.098287,0.5372433,-0.9041322,1.082024,0.5307071,-0.9150206,1.124636,0.5478321,-0.9264922,1.113369,0.5349058,-0.9135265,1.098092,0.5307838,-0.9176111,1.086844,0.5689501,-0.9424506,0.01733628,
1529062223925,1.043815,0.5645043,-0.9453135,1.057545,0.554718,-0.9119537,1.073262,0.5405505,-0.8972445,1.08063,0.5794212,-0.9005867,1.07053,0.5567958,-0.891898,1.059699,0.5464436,-0.9024754,1.092374,0.5696412,-0.9086176,1.075681,0.5474935,-0.9000602,1.061128,0.5401016,-0.9132081,1.104465,0.5598434,-0.9213109,1.088066,0.5404698,-0.9105989,1.071532,0.5336481,-0.9208894,1.114277,0.5500801,-0.9336852,1.102836,0.5377137,-0.9203229,1.08753,0.5335059,-0.9242947,1.076857,0.5711873,-0.9505216,0.01568601,
1529062223952,1.03691,0.5646065,-0.9507147,1.049327,0.5557607,-0.9165746,1.06474,0.5423511,-0.9008642,1.072984,0.5805136,-0.9053005,1.063441,0.5576462,-0.8964822,1.053082,0.5467715,-0.9070245,1.085327,0.5710644,-0.9129258,1.069269,0.5484173,-0.9040914,1.054975,0.5402364,-0.9170681,1.097922,0.5615277,-0.925411,1.08204,0.5416627,-0.9145423,1.065765,0.534088,-0.9247221,1.108045,0.5519799,-0.9376527,1.096688,0.5393498,-0.9244967,1.081619,0.5346383,-0.9288196,1.070408,0.5719705,-0.9553968,0.01390733,
1529062223978,1.024949,0.5655342,-0.9570779,1.036832,0.5573138,-0.9225422,1.052062,0.5445465,-0.9060356,1.060903,0.5822537,-0.9114963,1.051866,0.5592501,-0.902377,1.041749,0.5479448,-0.9127163,1.073506,0.5729823,-0.9190369,1.057947,0.5500048,-0.9098592,1.043726,0.5412531,-0.9225627,1.086238,0.5635748,-0.9315548,1.070705,0.5433679,-0.9204994,1.054501,0.5352898,-0.9304307,1.096445,0.5541763,-0.9437613,1.085168,0.541352,-0.9306658,1.070213,0.5363047,-0.9350464,1.058629,0.5733431,-0.9616856,0.01274906,
1529062224020,1.01596,0.5639827,-0.9630584,1.026451,0.556079,-0.9279455,1.040919,0.5436832,-0.9104245,1.05098,0.5811152,-0.9163096,1.042031,0.558194,-0.9069925,1.032336,0.5466232,-0.9174194,1.063875,0.5718263,-0.9235283,1.048409,0.5487568,-0.9142981,1.034531,0.5395589,-0.9270851,1.076917,0.5623765,-0.9358282,1.061323,0.542057,-0.9248947,1.045368,0.5336717,-0.934984,1.087302,0.5529866,-0.9478388,1.075697,0.5400892,-0.9350218,1.060919,0.5348126,-0.9397557,1.049945,0.5719858,-0.9668272,0.01145611,
1529062224045,1.004403,0.5637624,-0.9691883,1.014334,0.556283,-0.9337931,1.028415,0.5441864,-0.9156938,1.039265,0.5812293,-0.9220469,1.030352,0.5584977,-0.9123609,1.020719,0.5468068,-0.9226838,1.052203,0.571811,-0.9291184,1.036758,0.5488386,-0.9195906,1.022936,0.5394071,-0.9322713,1.065279,0.5621799,-0.9413458,1.049615,0.5419522,-0.9302917,1.033688,0.5334831,-0.9403501,1.075587,0.5526567,-0.9532787,1.063751,0.5398301,-0.940514,1.049004,0.5344997,-0.9453135,1.038505,0.5715878,-0.972683,0.01072183,
1529062224071,0.9949411,0.5640446,-0.9718494,1.00469,0.5566009,-0.9363189,1.018408,0.5447215,-0.917705,1.029607,0.5818127,-0.9245857,1.020584,0.5592223,-0.914801,1.011023,0.547519,-0.9251701,1.042638,0.5723197,-0.9314944,1.027156,0.5494559,-0.9216579,1.013292,0.5398178,-0.9341547,1.055618,0.5625192,-0.9437135,1.039852,0.542381,-0.9325165,1.023943,0.5337873,-0.9425009,1.065782,0.5528379,-0.955641,1.05371,0.5401068,-0.9429398,1.038982,0.53479,-0.9478236,1.029007,0.5718757,-0.9752446,0.01086724,
1529062224097,0.9866079,0.5634999,-0.975446,0.9958514,0.556313,-0.9397031,1.009241,0.5446302,-0.9207182,1.020615,0.5814854,-0.9276131,1.011562,0.5589716,-0.9176695,1.002169,0.5471205,-0.9280144,1.033794,0.5719672,-0.9342868,1.01831,0.5491011,-0.9242921,1.004581,0.5391829,-0.9367231,1.046998,0.5620996,-0.9463207,1.031233,0.5419654,-0.9349927,1.015385,0.5331889,-0.9449076,1.057318,0.552348,-0.9581305,1.045225,0.5396162,-0.9453387,1.030506,0.5341771,-0.950111,1.020689,0.5712841,-0.9783818,0.01046178,
1529062224124,0.974053,0.563578,-0.9804041,0.9830774,0.5569792,-0.9444329,0.9962667,0.5459384,-0.9248613,1.007148,0.5835026,-0.9322491,0.9984791,0.5611597,-0.9214932,0.9894687,0.5486703,-0.9314096,1.020604,0.5739989,-0.9385787,1.005534,0.5510615,-0.9277583,0.9920759,0.5402237,-0.9397188,1.034039,0.5639832,-0.9503894,1.018559,0.5437852,-0.9385247,1.002932,0.5343082,-0.9481387,1.044405,0.5540688,-0.9620267,1.03223,0.5413679,-0.9491675,1.01768,0.5355243,-0.9539932,1.007898,0.5719953,-0.9830296,0.009826306,
1529062224152,0.9646369,0.5667331,-0.9830515,0.9722176,0.561187,-0.9465373,0.9841642,0.5504342,-0.9260238,0.9980654,0.5867524,-0.935055,0.9880899,0.5652573,-0.9236184,0.9787108,0.552776,-0.9331931,1.011412,0.5765166,-0.940542,0.9952216,0.5547453,-0.9285278,0.9812699,0.5437081,-0.9397372,1.024503,0.5653543,-0.9518008,1.008034,0.5463359,-0.938953,0.992001,0.5369092,-0.9479394,1.034362,0.5543759,-0.9630505,1.021355,0.5427357,-0.9498463,1.006547,0.5373691,-0.9544713,0.9991361,0.5734038,-0.9853833,0.009307095,
1529062224178,0.9527471,0.5686079,-0.9858572,0.9595751,0.5627909,-0.9491426,0.9705911,0.5520596,-0.9280289,0.9856761,0.5883422,-0.9371275,0.9750745,0.5671301,-0.9253522,0.9654911,0.5545616,-0.9345902,0.9991987,0.577862,-0.9421146,0.9825844,0.5564939,-0.9292452,0.9681559,0.5452115,-0.9395984,1.012239,0.5662969,-0.9531691,0.9954974,0.5476317,-0.9395319,0.9791002,0.5380585,-0.9476687,1.021853,0.5548927,-0.9644136,1.008622,0.5435095,-0.9508415,0.9935701,0.5382522,-0.9548228,0.9872217,0.5747298,-0.9875286,0.008678746,
1529062224219,0.9425359,0.5701813,-0.9846563,0.94986,0.5632142,-0.9481755,0.9609281,0.5519342,-0.9273744,0.9750544,0.5895128,-0.9350535,0.9644853,0.568322,-0.9229977,0.9547783,0.5556295,-0.9319298,0.9888136,0.5790457,-0.9400104,0.9724587,0.5576642,-0.9264996,0.9577206,0.5461514,-0.9361675,1.001894,0.5675414,-0.951245,0.9855781,0.5487682,-0.9368825,0.9689525,0.5388566,-0.9441528,1.011335,0.5561099,-0.9628424,0.9984848,0.5445306,-0.9488256,0.9833313,0.5390386,-0.9520802,0.9765509,0.5764424,-0.9860018,0.00849872,
1529062224245,0.9318692,0.5727499,-0.9844561,0.9378381,0.5663584,-0.9475541,0.9479332,0.555699,-0.9259068,0.9617817,0.593788,-0.9335922,0.9509218,0.5728345,-0.9209254,0.9416764,0.5593976,-0.9293004,0.9760331,0.5833855,-0.9375728,0.9595155,0.5621719,-0.9232831,0.9451104,0.5496542,-0.9322329,0.9897113,0.5716596,-0.9480474,0.9732636,0.553007,-0.9330273,0.9568917,0.5421712,-0.9396212,0.9995943,0.5599205,-0.9591401,0.9864514,0.5484637,-0.9449463,0.971437,0.5424257,-0.9479556,0.9656952,0.5794201,-0.9844,0.008021483,
1529062224271,0.920508,0.5758612,-0.9843128,0.9253715,0.5696217,-0.9471619,0.9346299,0.5594628,-0.9248554,0.9478555,0.5986854,-0.9325708,0.9368199,0.5777317,-0.9193652,0.9279903,0.5634539,-0.9269008,0.9625936,0.5885079,-0.9357116,0.9460073,0.5671608,-0.9204032,0.9317424,0.5533719,-0.9278045,0.9768295,0.5766961,-0.9455711,0.9603323,0.5578367,-0.929677,0.9440719,0.545856,-0.9347215,0.9870552,0.5648173,-0.9562597,0.9735581,0.5532126,-0.9419162,0.9586288,0.5465428,-0.9442395,0.9538901,0.5835207,-0.9830204,0.008012319,
1529062224299,0.9105772,0.5801253,-0.9831133,0.9146365,0.5743341,-0.9457145,0.9231504,0.564926,-0.9227425,0.936231,0.6049237,-0.930875,0.9253458,0.5842054,-0.9168426,0.9168162,0.569309,-0.9235348,0.9513959,0.5949241,-0.93341,0.935107,0.5736912,-0.9169708,0.9209698,0.5590243,-0.9229856,0.9660534,0.5830461,-0.9428203,0.9498714,0.5641998,-0.9260032,0.9337777,0.5514485,-0.9297825,0.9765642,0.571034,-0.9531864,0.9631274,0.5594023,-0.9385322,0.9482986,0.5522578,-0.9402729,0.9435691,0.5887226,-0.9811091,0.007743335,
1529062224325,0.8982655,0.5860924,-0.9801205,0.9010804,0.5820208,-0.9422905,0.908838,0.5746119,-0.9182965,0.9206303,0.6153104,-0.92773,0.9113377,0.5946463,-0.9123607,0.9041798,0.5786398,-0.9179918,0.9366872,0.6064278,-0.9295949,0.9220722,0.5847161,-0.9119859,0.9093329,0.5684175,-0.9169446,0.952495,0.5953497,-0.9383588,0.937725,0.5758759,-0.9208344,0.9228747,0.5615073,-0.9240169,0.9641938,0.5838974,-0.9480894,0.9515262,0.5717163,-0.9331661,0.9374591,0.5631091,-0.934789,0.9306327,0.5975156,-0.9775358,0.006165702,
1529062224351,0.8908418,0.5929759,-0.9787307,0.8916266,0.5898525,-0.9406666,0.8976463,0.5832379,-0.9159152,0.9120515,0.6233213,-0.9259449,0.9018645,0.603515,-0.9096479,0.8945166,0.5872166,-0.9141595,0.9281195,0.6140866,-0.9269776,0.9126823,0.5933478,-0.9084505,0.8997265,0.5768799,-0.9122647,0.9439654,0.6023198,-0.9350485,0.9284074,0.5836157,-0.9169665,0.9133815,0.5692154,-0.9193164,0.9557003,0.5903001,-0.9441961,0.9423656,0.578667,-0.9291633,0.9281628,0.5701674,-0.9304106,0.9233901,0.6040561,-0.9752336,0.005357963,
1529062224378,0.8809105,0.5994675,-0.9768835,0.8799968,0.5979108,-0.938682,0.8847613,0.5927985,-0.9132915,0.9000615,0.6328496,-0.9244229,0.8903154,0.6136675,-0.9071901,0.8835918,0.5969357,-0.9109664,0.9164091,0.6240313,-0.924804,0.9013724,0.6036148,-0.9058039,0.8891954,0.586587,-0.909511,0.9328398,0.6124307,-0.9321293,0.9175498,0.5938811,-0.9138331,0.9031553,0.5789359,-0.9163579,0.9451928,0.6005083,-0.9405652,0.9319125,0.5889533,-0.925455,0.9180921,0.5798869,-0.9268288,0.9132904,0.6117729,-0.972877,0.004887825,
1529062224405,0.8750587,0.6049236,-0.9747521,0.8723016,0.6046469,-0.9365765,0.8756006,0.6007357,-0.9107153,0.892673,0.6401855,-0.9224984,0.8829309,0.6215307,-0.9047486,0.8765248,0.6045845,-0.9080789,0.9091417,0.6315214,-0.9222879,0.8940666,0.6114092,-0.9031887,0.8823184,0.5941362,-0.9070096,0.9259256,0.6199569,-0.9289269,0.9105114,0.6015992,-0.910726,0.8964576,0.5864202,-0.9135879,0.938676,0.608058,-0.9367239,0.9251941,0.5966419,-0.9217626,0.9115953,0.5873529,-0.9235125,0.9074121,0.6179703,-0.9702079,0.004755856,
1529062224447,0.8641204,0.6141126,-0.9713672,0.8589374,0.614994,-0.9334284,0.8604939,0.6121561,-0.9072649,0.8789549,0.65162,-0.9189394,0.8690516,0.6337644,-0.9006183,0.863245,0.6165471,-0.9034865,0.8957084,0.642968,-0.9179572,0.8805197,0.6230848,-0.8988999,0.8693802,0.605499,-0.9029396,0.9130474,0.6316395,-0.9236213,0.8974909,0.6134044,-0.9055957,0.8839464,0.597868,-0.9088393,0.9264219,0.6198802,-0.930577,0.912743,0.608523,-0.9158744,0.8994769,0.5989157,-0.9181421,0.8963039,0.6280473,-0.9657105,0.006412984,
1529062224473,0.8599061,0.6174319,-0.9691743,0.8536481,0.6189522,-0.9313964,0.8543996,0.6167705,-0.9051402,0.8733062,0.6563303,-0.9169316,0.8635624,0.6388649,-0.898253,0.8582206,0.621474,-0.9008356,0.8902209,0.6477537,-0.9157067,0.8752182,0.6278133,-0.8966687,0.8645719,0.6099469,-0.9007741,0.9079339,0.6367583,-0.9209171,0.8925646,0.6184697,-0.9028583,0.8794054,0.6026046,-0.9061162,0.9216979,0.6252199,-0.9274752,0.9081268,0.6138137,-0.9127803,0.8951075,0.6039021,-0.9151465,0.8917833,0.6321485,-0.9632052,0.007433185,
1529062224498,0.8563738,0.6229807,-0.9667001,0.8494848,0.624209,-0.9290203,0.8497611,0.6216745,-0.9027992,0.8695138,0.6613296,-0.9139017,0.858886,0.6440674,-0.8954329,0.8531388,0.6268071,-0.8980504,0.8861907,0.6521804,-0.9124286,0.870243,0.6324449,-0.8938245,0.8591623,0.6148642,-0.8981131,0.9037509,0.6407893,-0.9173194,0.8875305,0.6227497,-0.8995901,0.8739512,0.6072247,-0.9029213,0.9173688,0.6289078,-0.9236726,0.9032058,0.6177061,-0.9092892,0.8898839,0.6082034,-0.9117805,0.8883532,0.6369637,-0.95997,0.007765546,
1529062224525,0.8531909,0.6283088,-0.9627449,0.8462907,0.6288083,-0.9250474,0.846622,0.6256934,-0.8989107,0.8658013,0.6663183,-0.9091963,0.854897,0.6492247,-0.8907036,0.8490471,0.6320026,-0.8932656,0.8824861,0.6568449,-0.9077239,0.8663237,0.6370728,-0.8893527,0.8551497,0.6196187,-0.8938648,0.9001143,0.6454516,-0.9125521,0.8837872,0.6274173,-0.8948703,0.870095,0.612003,-0.8982207,0.9137815,0.6335222,-0.9189408,0.8996409,0.6222992,-0.9045383,0.8862202,0.6129165,-0.9069732,0.8849611,0.6422292,-0.9556012,0.008806447,
1529062224551,0.8503833,0.6305277,-0.9596759,0.8440728,0.6302052,-0.9218637,0.8447692,0.6265549,-0.8958105,0.8634661,0.6680909,-0.9055321,0.852725,0.6510712,-0.8868123,0.8467896,0.633863,-0.8891882,0.8802482,0.6583515,-0.9044327,0.8643336,0.6384164,-0.8859559,0.8530188,0.621045,-0.8903991,0.8978647,0.6470432,-0.9096096,0.8818607,0.6288748,-0.8916735,0.8680612,0.6135082,-0.8947504,0.9114597,0.6351324,-0.9163759,0.8976361,0.6237491,-0.9017325,0.8841258,0.6144152,-0.9038529,0.8819884,0.644487,-0.9526826,0.01006701,
1529062224579,0.8482398,0.633682,-0.9546297,0.8418757,0.6326985,-0.9168318,0.8426248,0.6284748,-0.8909113,0.8613247,0.6708283,-0.8995602,0.8504381,0.6541516,-0.8809147,0.8444545,0.6370714,-0.8836906,0.878033,0.6605947,-0.8986231,0.8619846,0.6407094,-0.8806027,0.8506882,0.6235906,-0.8858199,0.8956921,0.6492577,-0.9038369,0.8796597,0.6311885,-0.8861792,0.8658245,0.6160532,-0.8899001,0.9093244,0.6373203,-0.9107066,0.8956606,0.6260395,-0.8960671,0.8821369,0.616846,-0.8985004,0.8799062,0.6472822,-0.9472727,0.01137486,
1529062224620,0.8460906,0.6375841,-0.950219,0.8399312,0.6349864,-0.9125339,0.8414882,0.6289548,-0.8870929,0.8581512,0.6728201,-0.8936182,0.8463675,0.6560177,-0.8760815,0.8401377,0.6393297,-0.880181,0.8744894,0.6622847,-0.8924009,0.8574843,0.6426733,-0.8755636,0.8461908,0.6261625,-0.8822469,0.8921802,0.6507232,-0.8972973,0.8754273,0.63306,-0.8803615,0.86148,0.6184719,-0.8852407,0.905887,0.6385008,-0.9041187,0.8920078,0.6275389,-0.8896817,0.8783861,0.6187452,-0.8926796,0.877387,0.6499965,-0.9415584,0.01253946,
1529062224645,0.8438611,0.6389292,-0.9462758,0.8380088,0.6360983,-0.908595,0.8401047,0.6297354,-0.8832994,0.855289,0.6740957,-0.8897826,0.8435384,0.656991,-0.8725346,0.8374498,0.6403016,-0.8768762,0.871664,0.6639126,-0.8883915,0.8546944,0.6442163,-0.8716745,0.8435763,0.6276231,-0.8784607,0.8895143,0.6525178,-0.8931312,0.8728356,0.6348324,-0.8761633,0.8590059,0.6201276,-0.8810282,0.9033917,0.6403608,-0.8998563,0.8896192,0.6293833,-0.8853447,0.876058,0.6204888,-0.888303,0.8749204,0.6515641,-0.9375083,0.01264716,
1529062224671,0.8426547,0.6391235,-0.9436491,0.8363855,0.6366961,-0.9060249,0.8383874,0.6305944,-0.8806665,0.8529555,0.6749389,-0.8875831,0.8411688,0.6577103,-0.8704281,0.8353563,0.6408857,-0.8746982,0.8694226,0.6651587,-0.8858007,0.852441,0.6454403,-0.8690619,0.8416225,0.6285687,-0.8756979,0.8874696,0.6539481,-0.8901558,0.8707507,0.6362683,-0.8731943,0.8571913,0.6212901,-0.8780198,0.9015999,0.6419076,-0.8965262,0.887751,0.6309671,-0.8820623,0.8743653,0.621824,-0.8850846,0.8735017,0.652229,-0.9346613,0.01227678,
1529062224698,0.8402725,0.6401224,-0.9417951,0.8336487,0.6377572,-0.9042727,0.8357707,0.6314848,-0.8789989,0.8494517,0.6759381,-0.8859386,0.8374256,0.6584268,-0.8693298,0.831854,0.641632,-0.8740377,0.8658417,0.6664195,-0.8837852,0.8485705,0.6466205,-0.867581,0.8380716,0.6297256,-0.874652,0.8839705,0.6552615,-0.8877499,0.866897,0.6375323,-0.8713335,0.8535782,0.6225306,-0.8767031,0.8982577,0.6432902,-0.8937619,0.8840721,0.6323636,-0.8797039,0.8708386,0.6231804,-0.8832089,0.8708886,0.653346,-0.9323644,0.0119549,
1529062224725,0.8373718,0.6396571,-0.9398711,0.8305718,0.6374922,-0.9023844,0.8328127,0.631538,-0.8770416,0.8454098,0.6759338,-0.8844699,0.833967,0.6578553,-0.8679484,0.8289528,0.6408645,-0.8726327,0.8620703,0.6672344,-0.8821276,0.845405,0.6469193,-0.8657616,0.8354342,0.6295719,-0.8725475,0.880517,0.6566617,-0.8859807,0.8639389,0.6384178,-0.8694888,0.8511319,0.6228876,-0.874657,0.8951833,0.6451772,-0.8918381,0.8812355,0.6338522,-0.8778046,0.8683428,0.6241562,-0.8812544,0.8677304,0.6539403,-0.9304912,0.0110145,
1529062224752,0.8352937,0.6390803,-0.9375441,0.8280992,0.6376263,-0.9001039,0.8303114,0.6324095,-0.8745924,0.8418081,0.6766492,-0.8830422,0.8310667,0.6582505,-0.8663581,0.8267555,0.641005,-0.8708377,0.8587344,0.6689069,-0.8803552,0.8428032,0.6482648,-0.8636208,0.8335909,0.6303673,-0.8700454,0.8775713,0.6590164,-0.8838857,0.8616085,0.6404506,-0.8671488,0.8495222,0.6242844,-0.8721033,0.8927128,0.648066,-0.8893759,0.879095,0.6365136,-0.8752329,0.8666914,0.6261742,-0.8786234,0.8651901,0.6546752,-0.9282703,0.01003118,
1529062224779,0.832371,0.6389128,-0.9351567,0.8248327,0.636466,-0.8978555,0.8270255,0.630687,-0.8724777,0.8375918,0.6752885,-0.8797938,0.8272022,0.6561859,-0.8636868,0.8232895,0.6390007,-0.8686904,0.8546798,0.6681561,-0.8769549,0.8391277,0.6469395,-0.8604749,0.8302646,0.6289182,-0.8670362,0.8738128,0.6588274,-0.8804872,0.8582498,0.6397089,-0.8639041,0.8465158,0.6233117,-0.8689266,0.8893105,0.6483123,-0.8860747,0.8760172,0.6362618,-0.8719696,0.8638315,0.6256655,-0.8753332,0.8618076,0.6550591,-0.9252723,0.009870116,
1529062224805,0.8304245,0.6389165,-0.9333478,0.8227662,0.6359185,-0.8961246,0.8249935,0.629683,-0.8708758,0.8354595,0.6743276,-0.8774015,0.8250175,0.6549524,-0.8617907,0.8211626,0.6379399,-0.8673363,0.8524987,0.667274,-0.874521,0.8368597,0.6459259,-0.8583984,0.8280473,0.6280181,-0.8653096,0.8716826,0.6580111,-0.8780677,0.8560743,0.6387961,-0.8617078,0.8443584,0.6224685,-0.8669721,0.8872429,0.6475329,-0.8837454,0.8739771,0.6353933,-0.8697295,0.8618034,0.6248461,-0.8732358,0.8598773,0.6548206,-0.9230718,0.009766273,
1529062224849,0.8278624,0.6377262,-0.9281965,0.8194975,0.635324,-0.8911055,0.8214915,0.6296682,-0.8657008,0.831497,0.6734739,-0.8728944,0.8216295,0.6535335,-0.8574595,0.8183409,0.6363759,-0.8629849,0.8487195,0.6676364,-0.8694158,0.8336241,0.6461287,-0.85265,0.8252565,0.6276903,-0.8587434,0.8682141,0.6589962,-0.8726363,0.8531177,0.6396363,-0.8556981,0.8419167,0.6227225,-0.8602322,0.8841926,0.6489434,-0.8780064,0.8712659,0.6366639,-0.8636717,0.8594654,0.6255714,-0.8667673,0.857018,0.6545269,-0.9177504,0.007892719,
1529062224875,0.8256336,0.6378301,-0.9267733,0.8166271,0.6354434,-0.8898287,0.8181467,0.6299106,-0.8643495,0.8282691,0.6733203,-0.8714226,0.8184569,0.6531092,-0.8561515,0.8153611,0.6358942,-0.8616444,0.8455392,0.6679276,-0.8675835,0.8304862,0.6463258,-0.8506581,0.822232,0.6276995,-0.8563857,0.8651857,0.6595403,-0.8705651,0.850159,0.6400992,-0.8534445,0.8391094,0.6229818,-0.8576199,0.881364,0.6496406,-0.8757689,0.868495,0.6372536,-0.8613399,0.8568044,0.6259797,-0.8642069,0.8544381,0.6549489,-0.9159427,0.007133064,
1529062224900,0.8247405,0.636454,-0.925483,0.8152534,0.6339312,-0.8886639,0.8165019,0.6284363,-0.863166,0.8263282,0.6718781,-0.869998,0.8167142,0.6515,-0.854724,0.8138764,0.6342136,-0.8601266,0.8436847,0.6669056,-0.865904,0.8288636,0.6451762,-0.8488332,0.8208598,0.6263703,-0.8543427,0.863522,0.6588908,-0.8686889,0.8487449,0.639349,-0.8513989,0.8379717,0.6220108,-0.8553743,0.8799642,0.6492549,-0.8737503,0.8673176,0.6367767,-0.8591518,0.8558166,0.6252668,-0.8618249,0.8532273,0.6540077,-0.9143094,0.00703619,
1529062224926,0.8227227,0.6339082,-0.9232589,0.8126817,0.6308014,-0.8866199,0.8135509,0.6251036,-0.8611469,0.8226862,0.6689757,-0.8674248,0.8131905,0.6483243,-0.8522494,0.8106629,0.6309544,-0.8575394,0.8401597,0.6644479,-0.8629708,0.8255116,0.642478,-0.8458093,0.8177386,0.6234717,-0.8510112,0.8602445,0.6569459,-0.8654457,0.8456968,0.6372658,-0.8478754,0.8351734,0.6196595,-0.8513786,0.8770211,0.6476222,-0.8703421,0.8646266,0.6349996,-0.8554649,0.8532934,0.6231996,-0.8576436,0.8507193,0.6519947,-0.9114815,0.007455682,
1529062224952,0.8213218,0.6323726,-0.9217156,0.8106921,0.6285465,-0.8852961,0.8111199,0.6224899,-0.8598938,0.8198248,0.6668341,-0.8653007,0.8102604,0.646009,-0.8502584,0.8079134,0.6285992,-0.8554889,0.8373852,0.6624907,-0.8605369,0.8227403,0.6403103,-0.8434422,0.8150733,0.6212144,-0.8485076,0.8576604,0.6554031,-0.8626912,0.8431949,0.6356522,-0.8449715,0.8328122,0.6179062,-0.8481945,0.8747349,0.6463121,-0.8674324,0.8625438,0.6336344,-0.8522679,0.8513016,0.6216569,-0.8539681,0.8487636,0.650714,-0.909221,0.008185858,
1529062224981,0.8195813,0.6289439,-0.9195937,0.8064711,0.6243608,-0.884038,0.80511,0.6178275,-0.8588299,0.8159798,0.6623736,-0.8619267,0.8056918,0.6416372,-0.8471246,0.8034098,0.6242039,-0.852272,0.8335125,0.6579087,-0.856493,0.8182262,0.6357418,-0.839703,0.8105274,0.6166339,-0.8447034,0.8539906,0.6511546,-0.8578414,0.8390354,0.6316699,-0.8400156,0.8286333,0.6138594,-0.8428729,0.8714887,0.6421475,-0.8620958,0.8592116,0.6297191,-0.8466276,0.8479902,0.617643,-0.8478104,0.8468363,0.6469632,-0.9052912,0.009303517,
1529062225024,0.8177471,0.6235429,-0.9159821,0.8010907,0.6158262,-0.8823232,0.7960047,0.6076064,-0.8580645,0.8101419,0.6543182,-0.8542444,0.7982602,0.6347446,-0.8391595,0.7957292,0.6173767,-0.8439914,0.8278194,0.6484615,-0.8484985,0.8114618,0.6263655,-0.8322412,0.8034747,0.6073397,-0.8371773,0.848662,0.6420931,-0.8490834,0.832987,0.6229409,-0.8309377,0.8223215,0.6051534,-0.8329178,0.8667403,0.6331913,-0.853249,0.8544167,0.6208735,-0.8374386,0.8432355,0.6086605,-0.8378235,0.8441384,0.6405798,-0.8982998,0.01713434,
1529062225045,0.8175366,0.6190473,-0.9127654,0.7991283,0.6100557,-0.8803006,0.7920433,0.6012162,-0.8566908,0.8078778,0.6484848,-0.8490623,0.7950655,0.6298429,-0.8332928,0.7921034,0.6123513,-0.8372239,0.8257227,0.6423932,-0.8428997,0.8087989,0.621029,-0.8257498,0.8003744,0.6018754,-0.8294478,0.8469129,0.6358712,-0.8433692,0.8311305,0.6170764,-0.8246959,0.8203361,0.599268,-0.8258984,0.8653631,0.626914,-0.8476238,0.8532698,0.6145742,-0.8315861,0.8421592,0.6022675,-0.8316133,0.8435907,0.6355892,-0.8934964,0.02242662,
1529062225071,0.8182487,0.6138077,-0.9110672,0.7970362,0.6037263,-0.8806545,0.7870699,0.5943202,-0.8582358,0.8074851,0.6413337,-0.8442085,0.7935849,0.624632,-0.8262918,0.788856,0.6070795,-0.8276305,0.8254234,0.6353903,-0.8373377,0.8078412,0.6164708,-0.8169886,0.7979674,0.597656,-0.8171223,0.8468868,0.6280822,-0.838094,0.83125,0.6105006,-0.8177396,0.8201084,0.5929573,-0.8172913,0.8658499,0.6186368,-0.8427067,0.8546013,0.6065736,-0.8256252,0.8435374,0.5942765,-0.8243111,0.8442467,0.628732,-0.8895602,0.0332066,
1529062225098,0.8180794,0.6076802,-0.9092373,0.7935178,0.5977062,-0.8813536,0.7787431,0.5894626,-0.8608912,0.8059773,0.6356354,-0.8400946,0.7921451,0.6220226,-0.8186809,0.7858288,0.605059,-0.8155397,0.8238655,0.6305274,-0.8324431,0.8067164,0.6151448,-0.8080613,0.7960506,0.5973529,-0.803428,0.8454429,0.6230065,-0.8330767,0.8305628,0.6080285,-0.8090384,0.8193108,0.5913742,-0.8034536,0.864996,0.6130515,-0.8377159,0.8548231,0.6014384,-0.8194172,0.8442829,0.5889581,-0.8165163,0.8437626,0.6223719,-0.8858073,0.04847906,
1529062225126,0.8183189,0.5977917,-0.9058695,0.7899859,0.5877491,-0.8818648,0.7705795,0.5806381,-0.8650618,0.8047647,0.6262438,-0.8342317,0.7923332,0.617406,-0.8083994,0.7847718,0.6034597,-0.7983351,0.8223715,0.6216033,-0.8257393,0.8069558,0.61043,-0.7971237,0.7961705,0.5952172,-0.7865629,0.8438492,0.6146476,-0.8258057,0.8306623,0.6033576,-0.7981277,0.820006,0.5889324,-0.7871452,0.864146,0.6043296,-0.8301635,0.8563082,0.5942309,-0.8090943,0.8472059,0.5824314,-0.8015032,0.8432959,0.6126857,-0.8799959,0.07193534,
1529062225152,0.8198519,0.5908912,-0.9038604,0.7897865,0.5797791,-0.8827426,0.7678922,0.5729433,-0.8691354,0.8063635,0.6186972,-0.8298924,0.7969031,0.6143076,-0.8011184,0.7904414,0.6047785,-0.7860724,0.8242635,0.6144309,-0.8209196,0.8124569,0.6065297,-0.7891138,0.8033947,0.594205,-0.7738918,0.8451188,0.6084511,-0.8211355,0.8344812,0.6004283,-0.7908393,0.8255399,0.589168,-0.7751641,0.8659657,0.5981154,-0.8257691,0.8608448,0.5892079,-0.802955,0.8541064,0.5786423,-0.7917063,0.8441073,0.6058,-0.8763371,0.0917682,
1529062225180,0.818448,0.5828693,-0.8999112,0.7865962,0.5711578,-0.882254,0.7622018,0.5656002,-0.873143,0.805302,0.6099077,-0.8239048,0.7982929,0.6092893,-0.7939568,0.7932552,0.602977,-0.7768251,0.8238156,0.6052761,-0.8143579,0.8155395,0.5994132,-0.7809327,0.8085853,0.5889724,-0.7632552,0.8435311,0.6002183,-0.8146493,0.8344837,0.5945886,-0.7832318,0.8267502,0.5854539,-0.7655889,0.8646751,0.5892053,-0.8195604,0.8613045,0.5806223,-0.7961183,0.856392,0.5709621,-0.7831471,0.8424493,0.5972833,-0.8704772,0.1078817,
1529062225220,0.8154768,0.5784514,-0.8979319,0.782768,0.5658585,-0.8828229,0.7575718,0.5606405,-0.8762099,0.802709,0.6009207,-0.8197144,0.7972727,0.6002223,-0.7894289,0.793242,0.5942335,-0.7718719,0.8214585,0.5955108,-0.8101415,0.8152382,0.588532,-0.7764369,0.8096519,0.5779073,-0.7583153,0.8401784,0.5911817,-0.8106886,0.8314409,0.5848664,-0.7793087,0.8240439,0.5756569,-0.7614884,0.8616729,0.5797239,-0.8163491,0.8588929,0.5691833,-0.7936162,0.8545499,0.5585297,-0.7811903,0.8393253,0.5910354,-0.8668023,0.1152704,
1529062225246,0.8111371,0.5749463,-0.895803,0.7788456,0.5603563,-0.8816741,0.7536926,0.5541813,-0.875935,0.7979836,0.593488,-0.8163767,0.7928965,0.5917832,-0.7860896,0.7893066,0.5850861,-0.7686918,0.8170485,0.5882694,-0.8070706,0.8115655,0.5798395,-0.7735568,0.80671,0.5683985,-0.7557195,0.8358562,0.5844623,-0.8079329,0.8276205,0.5758486,-0.7770042,0.8207344,0.5650229,-0.7599,0.8576978,0.5734915,-0.8146242,0.8547139,0.5594543,-0.7943367,0.8493872,0.5456406,-0.7863133,0.8346315,0.5872476,-0.8639905,0.1171519,
1529062225272,0.8105412,0.5711156,-0.8924423,0.7792483,0.554359,-0.878435,0.7544308,0.547066,-0.8729197,0.7962664,0.5865318,-0.8125887,0.7904475,0.5834929,-0.7825254,0.7865774,0.5762904,-0.7653566,0.8156979,0.5818713,-0.803453,0.8100393,0.5727642,-0.7700641,0.8052944,0.5611407,-0.7523463,0.8352137,0.5778401,-0.8045701,0.8277746,0.5671651,-0.7740422,0.8216218,0.5554112,-0.7572575,0.8564418,0.5662088,-0.8130486,0.8520606,0.5479295,-0.7982399,0.8451385,0.5326911,-0.7986736,0.8335157,0.5831117,-0.8604032,0.1160055,
1529062225299,0.8099124,0.5671731,-0.8890176,0.7794102,0.5489707,-0.8749468,0.7551137,0.5403337,-0.8689956,0.794056,0.581175,-0.8093349,0.7874355,0.5772898,-0.779539,0.7831593,0.5696136,-0.7626712,0.8134229,0.5767991,-0.8000966,0.8069394,0.5671667,-0.7669958,0.8018119,0.5553197,-0.749528,0.8331493,0.5726272,-0.8012108,0.8252648,0.5611456,-0.7710089,0.8190059,0.5492069,-0.7544148,0.8541609,0.5604963,-0.8107688,0.8486829,0.5408162,-0.799807,0.8414003,0.5266663,-0.8045611,0.8321276,0.5791442,-0.8568081,0.1137926,
1529062225326,0.8091711,0.5619189,-0.8832296,0.7797538,0.5420434,-0.8689355,0.756409,0.5314722,-0.8620479,0.7919006,0.5740259,-0.8037369,0.7847067,0.5691038,-0.7741979,0.780181,0.5609764,-0.7576119,0.8110703,0.569875,-0.7945043,0.8037615,0.559271,-0.7618632,0.7982753,0.5469908,-0.7447964,0.8309297,0.5660037,-0.7956077,0.8223848,0.5536392,-0.7659146,0.8158422,0.5412767,-0.749754,0.8517301,0.5535583,-0.8064229,0.8453287,0.5331717,-0.7991322,0.8381932,0.5209734,-0.8076849,0.8305801,0.5738455,-0.8509139,0.1110968,
1529062225352,0.8099406,0.5570564,-0.878354,0.7855793,0.5331263,-0.8611249,0.7692581,0.5163482,-0.8489652,0.7923801,0.5678636,-0.7988559,0.785411,0.5624082,-0.7693247,0.7811463,0.5540897,-0.7527727,0.8114162,0.5640997,-0.7898084,0.8040675,0.552798,-0.7574115,0.7987099,0.5401218,-0.7405953,0.8315682,0.5607392,-0.7910094,0.8233755,0.5478425,-0.7614055,0.817197,0.5353179,-0.7452281,0.8520985,0.5486752,-0.802671,0.8455893,0.5280719,-0.7971144,0.838918,0.5169359,-0.8072439,0.8308737,0.5693247,-0.8461668,0.1040132,
1529062225380,0.8096309,0.551333,-0.873168,0.7868111,0.5262181,-0.8553574,0.7721099,0.5082127,-0.8424149,0.7926683,0.5607502,-0.7935323,0.7861506,0.5546317,-0.764028,0.7822256,0.5458686,-0.7476341,0.8116466,0.5571938,-0.7848597,0.8044971,0.5452724,-0.7526389,0.7993238,0.5323088,-0.735972,0.8319788,0.554225,-0.7863608,0.8241991,0.5408145,-0.7568753,0.8183116,0.5279535,-0.7408613,0.8521396,0.5423254,-0.7990965,0.8455241,0.5214618,-0.794777,0.8390468,0.5109048,-0.8056233,0.8304666,0.5636236,-0.841351,0.1024875,
1529062225422,0.8081151,0.5469664,-0.8690042,0.7865748,0.5204824,-0.8516005,0.7751177,0.5006112,-0.8379827,0.7911365,0.5533671,-0.7892127,0.7850077,0.5457029,-0.7600232,0.78149,0.5358411,-0.7441812,0.8100379,0.55021,-0.780781,0.8030958,0.5369451,-0.7490557,0.7982064,0.5231941,-0.7329469,0.8305852,0.5478433,-0.7824672,0.8232331,0.5329076,-0.7536668,0.8176979,0.5188858,-0.7385405,0.8507549,0.5369405,-0.795884,0.8444837,0.5156778,-0.7924839,0.8383681,0.5053203,-0.8037027,0.8285527,0.5590073,-0.8370727,0.1004015,
1529062225446,0.808732,0.540644,-0.8642257,0.7884694,0.5131996,-0.8467823,0.7775156,0.4929562,-0.8333595,0.7915026,0.5457276,-0.7845442,0.7858309,0.5370554,-0.7555873,0.7828072,0.526386,-0.7401888,0.8103657,0.5431977,-0.7761807,0.803821,0.5290275,-0.7448086,0.7993625,0.5145894,-0.7291903,0.8311219,0.5414355,-0.777913,0.8244277,0.5254487,-0.7495697,0.8194408,0.5106267,-0.7350236,0.8513781,0.5315441,-0.7913907,0.8456852,0.5099154,-0.7879968,0.8399423,0.4991417,-0.7990005,0.8285499,0.5532368,-0.8323498,0.09912786,
1529062225473,0.8083965,0.5373021,-0.8610985,0.789333,0.5091358,-0.8435099,0.7798892,0.4883102,-0.8298761,0.7914233,0.5411232,-0.7814223,0.7859256,0.5315838,-0.7527592,0.7830986,0.52016,-0.7378962,0.8103535,0.5387596,-0.7732658,0.8039682,0.5237743,-0.7423221,0.7996438,0.5086082,-0.7273955,0.8314015,0.5370839,-0.7752377,0.8253115,0.5201689,-0.7473518,0.8207015,0.504627,-0.7334722,0.8513724,0.5279584,-0.7886931,0.8458239,0.5064171,-0.7853117,0.8402293,0.4958543,-0.7965477,0.8280895,0.5497721,-0.8294148,0.09739101,
1529062225500,0.8089641,0.5334127,-0.857188,0.7925538,0.5041119,-0.8389053,0.7865815,0.4825687,-0.8246697,0.7924774,0.5358443,-0.7777066,0.7877977,0.5250732,-0.7493898,0.7855952,0.5128385,-0.7350791,0.8115331,0.5340402,-0.7698506,0.8060108,0.5182711,-0.7391502,0.8022884,0.5025743,-0.7246544,0.8325843,0.5327482,-0.7722414,0.827361,0.5149725,-0.744727,0.8233365,0.4988047,-0.73147,0.8521569,0.5245796,-0.785897,0.846839,0.5029098,-0.7824845,0.8414588,0.492,-0.7935581,0.8281397,0.5462224,-0.826079,0.09457126,
1529062225526,0.8086653,0.5293297,-0.8529338,0.7949545,0.4990485,-0.8341373,0.7919148,0.4771081,-0.819712,0.7926477,0.5297644,-0.7737443,0.7885734,0.5173427,-0.7461087,0.7868961,0.5038794,-0.73291,0.8117425,0.5285475,-0.7661873,0.8066904,0.5116507,-0.7361187,0.8033149,0.4950043,-0.7226998,0.8329303,0.5275434,-0.769039,0.8283998,0.5086447,-0.7422077,0.8248209,0.4917063,-0.729856,0.8523302,0.5206178,-0.7823766,0.8473673,0.4991496,-0.7785765,0.8421717,0.4883629,-0.7898015,0.8273325,0.5421769,-0.8223881,0.09097517,
1529062225553,0.8089101,0.527115,-0.8505979,0.7969319,0.4960993,-0.8317844,0.7951517,0.4738817,-0.8176128,0.7937632,0.5256822,-0.7714754,0.790409,0.5122324,-0.7442927,0.7892529,0.4980259,-0.7318879,0.812939,0.5248052,-0.7642356,0.8085637,0.5070704,-0.7346452,0.8056103,0.4897524,-0.7220505,0.8342211,0.5241234,-0.7675008,0.8305329,0.504424,-0.7411988,0.827465,0.487071,-0.729181,0.8537102,0.5183699,-0.7802764,0.8495111,0.4968999,-0.77494,0.8442997,0.4852169,-0.7851374,0.8273621,0.539755,-0.8204287,0.08925519,
1529062225580,0.8105359,0.5230793,-0.8475646,0.8003116,0.4917011,-0.8282786,0.7999529,0.4695,-0.81406,0.7955999,0.5208751,-0.7686889,0.792558,0.5069371,-0.7418151,0.7916693,0.4921716,-0.7301205,0.8148083,0.520308,-0.7616448,0.8106393,0.5023339,-0.7323055,0.8078015,0.4845988,-0.7203094,0.8362255,0.5197325,-0.7652128,0.8329489,0.4996257,-0.7393263,0.8301007,0.4819235,-0.7276545,0.8561327,0.5153268,-0.7766968,0.8530252,0.4941493,-0.767499,0.8480527,0.480464,-0.7745482,0.8285164,0.535674,-0.8179676,0.08734104,
1529062225622,0.814374,0.5168685,-0.8437114,0.8059167,0.4852997,-0.8239064,0.8072126,0.4632784,-0.8095803,0.7992339,0.5139251,-0.7652276,0.7964908,0.499565,-0.7385914,0.7958619,0.4844671,-0.7273543,0.8183826,0.513675,-0.7582617,0.8143715,0.4954655,-0.7291154,0.8116713,0.4775135,-0.7173998,0.8398746,0.5135233,-0.7618456,0.8368543,0.4933039,-0.7361808,0.8341234,0.4750783,-0.7254157,0.8602231,0.5101625,-0.772503,0.8582162,0.4897604,-0.7603624,0.8537739,0.4747007,-0.7642087,0.83171,0.5294762,-0.814584,0.08566748,
1529062225645,0.8168345,0.5120845,-0.841378,0.8094416,0.4807295,-0.8209455,0.8122764,0.4591039,-0.8063717,0.8014084,0.5087131,-0.7633901,0.7988168,0.493732,-0.7371293,0.7983312,0.4782896,-0.7263544,0.8203433,0.5086054,-0.7564254,0.8161519,0.4899164,-0.7276452,0.8133949,0.4717539,-0.7162238,0.8418663,0.5087386,-0.7599059,0.8387027,0.4883791,-0.7343959,0.8358997,0.4699444,-0.7241181,0.8625407,0.505924,-0.7700911,0.8609804,0.4859911,-0.7566943,0.8568736,0.4703223,-0.7586673,0.8337759,0.5246819,-0.8126211,0.08345857,
1529062225672,0.8176641,0.5100396,-0.8399223,0.8113401,0.4787918,-0.8190598,0.815484,0.4574486,-0.8044828,0.8022095,0.5061002,-0.7623292,0.7996956,0.4903239,-0.7365972,0.7992231,0.4744161,-0.7265263,0.8210263,0.5059702,-0.7554643,0.8166208,0.4866642,-0.7272304,0.8136789,0.4680834,-0.7165641,0.842671,0.5060273,-0.7590541,0.8394548,0.4852111,-0.7340086,0.8365216,0.4664339,-0.7244544,0.8635573,0.503776,-0.7688204,0.8624206,0.4844279,-0.7542636,0.8585101,0.4684721,-0.7545779,0.8344216,0.5223769,-0.8115547,0.08142197,
1529062225700,0.8180553,0.5094039,-0.8398459,0.8131473,0.478056,-0.8189471,0.8189919,0.4569171,-0.8047782,0.8034365,0.503467,-0.7626675,0.8011125,0.4863254,-0.7378991,0.8007522,0.4697483,-0.729005,0.822306,0.5034021,-0.7560791,0.8180109,0.4829183,-0.7287701,0.8151009,0.4636962,-0.7194594,0.84402,0.5034855,-0.7601019,0.8410326,0.481461,-0.7361954,0.8381425,0.462068,-0.728059,0.8652923,0.5021678,-0.76975,0.8650239,0.4828939,-0.7550596,0.8614836,0.4667099,-0.7545143,0.8350089,0.5211682,-0.8118765,0.07898672,
1529062225726,0.8186929,0.508621,-0.8402635,0.814869,0.4774704,-0.8190088,0.8223362,0.4568146,-0.8051431,0.8043528,0.5015364,-0.7636296,0.801779,0.4832834,-0.7397894,0.8012745,0.4661814,-0.7319738,0.823441,0.5014877,-0.757205,0.8190835,0.4801016,-0.7307079,0.8160799,0.4604322,-0.7225435,0.8452023,0.5011981,-0.7617491,0.842182,0.4777317,-0.7395583,0.8391269,0.4575976,-0.7338316,0.8670329,0.5009505,-0.7709185,0.8676279,0.4819642,-0.7559465,0.8643891,0.4656513,-0.7547486,0.835742,0.5199925,-0.8127898,0.0767142,
1529062225752,0.8190286,0.5085677,-0.8401351,0.8157113,0.4774033,-0.8188679,0.8237646,0.4568545,-0.8052564,0.8046675,0.500526,-0.7638615,0.801787,0.4814658,-0.7408416,0.8011618,0.4639313,-0.7341503,0.8238848,0.5004758,-0.7574931,0.8193024,0.4784455,-0.7317201,0.8161502,0.4584264,-0.7246855,0.8457525,0.5000213,-0.7622883,0.8425916,0.4756503,-0.7416106,0.8393238,0.4551191,-0.7383928,0.8680001,0.5005668,-0.7710403,0.8692257,0.4820116,-0.7555616,0.8663476,0.4656458,-0.7534786,0.8361058,0.5195886,-0.8128659,0.07494693,
1529062225780,0.8198051,0.5086327,-0.8405726,0.8164159,0.477945,-0.8186658,0.8246387,0.4577585,-0.8047017,0.8042443,0.5017138,-0.7646616,0.8006393,0.4822853,-0.7422448,0.799749,0.4644611,-0.736528,0.8234466,0.5016305,-0.7580979,0.8180831,0.4793679,-0.7328841,0.8145721,0.4591346,-0.7269163,0.8454334,0.5008131,-0.7627916,0.8415732,0.4760818,-0.7431334,0.8379313,0.4555374,-0.7419057,0.868028,0.5014389,-0.771009,0.8689356,0.4830792,-0.7555658,0.865592,0.4667801,-0.7541809,0.8366083,0.5199195,-0.8134635,0.07288394,
1529062225821,0.8212878,0.5077426,-0.8415523,0.816341,0.4777991,-0.8188753,0.8233838,0.4578841,-0.8038868,0.8032356,0.5027416,-0.7663051,0.7986389,0.4831026,-0.7444478,0.7976151,0.4650794,-0.739636,0.8222049,0.5027181,-0.7591296,0.8156991,0.4802416,-0.7345557,0.8119495,0.4598484,-0.7295504,0.8441533,0.5014687,-0.76336,0.8390565,0.4762636,-0.7448325,0.8352218,0.4557903,-0.7450407,0.8668176,0.5018901,-0.7705706,0.8659604,0.4830483,-0.756673,0.8613616,0.4675397,-0.7591875,0.8375213,0.5198768,-0.8141527,0.06959859,
1529062225846,0.8211812,0.5090086,-0.843179,0.814836,0.4793418,-0.8204272,0.8207957,0.4593766,-0.8050473,0.8021148,0.5044448,-0.7683746,0.7970773,0.4843769,-0.7470528,0.7959789,0.4662414,-0.7428279,0.8208762,0.5042742,-0.7609189,0.8137435,0.4813211,-0.7370026,0.8098227,0.4608279,-0.7326045,0.8426498,0.5027686,-0.7649667,0.8366896,0.4770282,-0.7477654,0.8327135,0.4566895,-0.7494591,0.8651607,0.5027077,-0.7718647,0.8629065,0.4832403,-0.7601114,0.8577119,0.468873,-0.7656955,0.8374235,0.5212215,-0.8154943,0.06733683,
1529062225872,0.8201393,0.5104861,-0.844362,0.8129843,0.4808703,-0.8217758,0.8183758,0.4607233,-0.8064353,0.8014022,0.505558,-0.7697121,0.7961943,0.4849589,-0.7489051,0.794935,0.4667473,-0.7451122,0.8201203,0.505039,-0.7623516,0.8127242,0.481473,-0.7390748,0.8085889,0.4609174,-0.7351177,0.8416694,0.5032032,-0.7666821,0.8351602,0.4768411,-0.7509598,0.830988,0.4567645,-0.7541677,0.8638753,0.5026976,-0.7737409,0.8606688,0.4827029,-0.763725,0.855114,0.4691981,-0.7709166,0.8367068,0.5225061,-0.81659,0.06592642,
1529062225898,0.8199248,0.5113563,-0.8454359,0.8123237,0.4818117,-0.8228592,0.8172756,0.4616024,-0.8074448,0.8013859,0.5065044,-0.7708157,0.7961807,0.4857344,-0.7501253,0.7948873,0.4675187,-0.7463615,0.8200687,0.5058517,-0.7635293,0.8126341,0.4820051,-0.7405166,0.8084657,0.4614192,-0.7367032,0.8415186,0.5039689,-0.7679431,0.8348435,0.477391,-0.752736,0.8306166,0.4573594,-0.7563165,0.8635228,0.5032421,-0.7751468,0.8599007,0.4830158,-0.7658855,0.854247,0.4698215,-0.7736279,0.8366801,0.5234069,-0.8176317,0.06532543,
1529062225926,0.8196416,0.512566,-0.8468667,0.8116907,0.4829313,-0.8244578,0.8160737,0.4625494,-0.8090317,0.8015966,0.5075602,-0.7720957,0.7965713,0.4866992,-0.7514051,0.7953629,0.4684914,-0.7476258,0.8203039,0.5069299,-0.7649025,0.8130774,0.4829305,-0.7419364,0.8090158,0.4623274,-0.7381211,0.8416746,0.5050746,-0.7694945,0.8351128,0.478293,-0.7547567,0.8309671,0.4582888,-0.7587414,0.8635511,0.5044135,-0.7768063,0.8598757,0.484009,-0.7677851,0.8542368,0.4707763,-0.7755309,0.8366292,0.5246826,-0.8189886,0.06507637,
1529062225953,0.8190889,0.513811,-0.8481152,0.810952,0.4840578,-0.8259031,0.8150716,0.4635305,-0.8105708,0.8013378,0.5086115,-0.7732279,0.7963718,0.4877097,-0.7525269,0.795137,0.4695141,-0.748698,0.8200301,0.5078885,-0.7661169,0.8128265,0.4838077,-0.7431858,0.8087324,0.4632163,-0.7393523,0.8413837,0.5060089,-0.770784,0.8348201,0.4791546,-0.756205,0.8306311,0.4591799,-0.7603167,0.8631495,0.5052588,-0.7782485,0.8593657,0.4847423,-0.7694585,0.8536786,0.4716107,-0.7773281,0.8362393,0.5258293,-0.8201638,0.06527971,
1529062225979,0.8184009,0.5149328,-0.8498396,0.8094862,0.4853106,-0.8276792,0.8128407,0.4647527,-0.8121942,0.8005489,0.5102373,-0.7749217,0.7955473,0.4893083,-0.754256,0.7943254,0.4711086,-0.7504667,0.8190818,0.5095274,-0.7677472,0.8116535,0.4854318,-0.7449048,0.8075032,0.4648442,-0.7411697,0.8404346,0.5075957,-0.7723261,0.8336698,0.4807296,-0.7579697,0.8294821,0.4607917,-0.7623055,0.86211,0.5066907,-0.7797513,0.8580173,0.4861037,-0.7711889,0.8523525,0.4731126,-0.779257,0.835673,0.5271516,-0.8217294,0.06475727,
1529062226006,0.8175739,0.5158104,-0.8508983,0.8079021,0.4863133,-0.8288494,0.8105656,0.4656807,-0.8133122,0.7997121,0.5113872,-0.7759708,0.7946178,0.4903408,-0.7555138,0.7933624,0.4720985,-0.7521145,0.8180716,0.5104706,-0.7688245,0.8103064,0.4861882,-0.7463812,0.8060153,0.4655686,-0.7432014,0.8394055,0.5082624,-0.7734905,0.832321,0.4812193,-0.7600159,0.8280784,0.4615189,-0.7652895,0.861059,0.5073264,-0.7806722,0.8566594,0.4866615,-0.7721006,0.8509264,0.4736454,-0.7800343,0.835021,0.5279995,-0.8226547,0.06389279,
1529062226047,0.8152852,0.517668,-0.8527182,0.8046613,0.4881936,-0.830969,0.8061849,0.4673643,-0.8154919,0.7977618,0.5132613,-0.777702,0.7924193,0.4918638,-0.7578,0.7911021,0.4735395,-0.7551718,0.8161207,0.5121168,-0.7707049,0.8080425,0.4874104,-0.7489642,0.803625,0.4667337,-0.7466137,0.8375164,0.5098337,-0.7754506,0.8302002,0.4826226,-0.762532,0.825826,0.4630598,-0.7682368,0.8592732,0.5090349,-0.7823432,0.8548915,0.4883107,-0.773024,0.8490881,0.4749762,-0.780121,0.8331723,0.5298076,-0.8243263,0.06248302,
1529062226072,0.8138235,0.5188482,-0.8540735,0.8030488,0.4892848,-0.8324895,0.8043221,0.4683376,-0.8171328,0.7966267,0.5141623,-0.7789873,0.7912636,0.4925961,-0.7593361,0.7899305,0.4742422,-0.7570668,0.8150466,0.5128738,-0.7721159,0.8069797,0.4879452,-0.7506803,0.8025335,0.4672453,-0.7486863,0.8364519,0.5105303,-0.7770101,0.8291466,0.4831837,-0.7644213,0.8247114,0.4637266,-0.770413,0.8582984,0.5099396,-0.7837188,0.854184,0.4891843,-0.7735173,0.8483948,0.4753392,-0.7794639,0.8319156,0.530839,-0.8256636,0.0620476,
1529062226099,0.8131622,0.5188897,-0.8545957,0.8022776,0.4893393,-0.8330065,0.803238,0.4683829,-0.8176017,0.7958568,0.5143125,-0.7795191,0.7904955,0.492737,-0.7599188,0.7892163,0.4743701,-0.7577483,0.8142741,0.5130379,-0.7726543,0.8062134,0.4880517,-0.7513196,0.8018212,0.467329,-0.74945,0.8357081,0.51067,-0.7776041,0.8284649,0.483236,-0.7653638,0.8241339,0.4638781,-0.7717366,0.8576809,0.5103385,-0.7840288,0.8538241,0.4896397,-0.7731491,0.8481655,0.4754623,-0.7782845,0.8311916,0.5309886,-0.8261725,0.06176474,
1529062226126,0.8126886,0.5184898,-0.8549069,0.8016629,0.4889148,-0.833378,0.8022342,0.467922,-0.8179488,0.7950754,0.5138208,-0.7799189,0.7896803,0.4921664,-0.7604837,0.7884884,0.4737715,-0.7585293,0.8135168,0.5125971,-0.7729931,0.8054765,0.4875075,-0.7518151,0.8011793,0.4667498,-0.750119,0.834971,0.5102885,-0.7779146,0.8277934,0.4827754,-0.7659872,0.8235862,0.4634383,-0.7726047,0.8571467,0.5103375,-0.7839243,0.8536581,0.4898067,-0.7721072,0.848226,0.4751769,-0.7760808,0.8305632,0.5306674,-0.8264151,0.06126858,
1529062226152,0.8121077,0.5184981,-0.8552935,0.8009714,0.4888738,-0.8338413,0.8011518,0.4678454,-0.8183974,0.7943969,0.5138217,-0.780295,0.7890533,0.4921439,-0.7608812,0.7879687,0.4737372,-0.7589248,0.8128664,0.512684,-0.7733701,0.8049442,0.4874941,-0.7522585,0.8007905,0.4667013,-0.7505867,0.8343498,0.5105777,-0.7782146,0.8273199,0.4830108,-0.7661653,0.8232366,0.4635718,-0.7725754,0.8565874,0.510857,-0.7840947,0.8533325,0.4903935,-0.7718754,0.8480896,0.4755345,-0.7752728,0.8298998,0.5308548,-0.8267371,0.06120043,
1529062226178,0.8103791,0.5189971,-0.8560611,0.7990024,0.4893634,-0.8347064,0.7986785,0.4682671,-0.8192897,0.7925629,0.5143063,-0.7810664,0.7870924,0.4925565,-0.7618836,0.786014,0.4741232,-0.7602782,0.8110685,0.5131394,-0.7741299,0.8030437,0.4878931,-0.7532295,0.7988813,0.467094,-0.7519114,0.8326403,0.5112132,-0.7787191,0.8255748,0.4838178,-0.7661066,0.8214126,0.464282,-0.7720631,0.8549491,0.511432,-0.7846493,0.8518579,0.4911481,-0.7719105,0.8466959,0.4760988,-0.7746388,0.828199,0.5313296,-0.8274583,0.06063863,
1529062226221,0.8080649,0.520039,-0.8569305,0.7965485,0.4903812,-0.8356503,0.7958497,0.4692102,-0.8202972,0.7907874,0.5152184,-0.7818115,0.7853546,0.4933667,-0.7627534,0.78425,0.4749168,-0.7612622,0.8093337,0.5140021,-0.7750269,0.8013357,0.4886569,-0.7542237,0.7971302,0.4678598,-0.7529702,0.8309073,0.5121609,-0.7796723,0.8238441,0.4847853,-0.7668403,0.8195854,0.4652338,-0.7725858,0.8532097,0.5122764,-0.785838,0.8502496,0.4919503,-0.7729539,0.8451214,0.476746,-0.7751741,0.8261628,0.5323173,-0.8283812,0.06043385,
1529062226246,0.8062497,0.5204391,-0.8571609,0.7945741,0.4907043,-0.8360441,0.7934524,0.469455,-0.8207586,0.7889327,0.5155561,-0.7819788,0.7835305,0.4937025,-0.7629439,0.78247,0.4752439,-0.7614995,0.8074378,0.5143918,-0.7751697,0.7994192,0.4890626,-0.7543914,0.7952425,0.4682596,-0.7532114,0.8290292,0.5126077,-0.779765,0.8219825,0.4852788,-0.7670505,0.8177983,0.4658111,-0.7730784,0.8513598,0.5127271,-0.7859542,0.8484043,0.4923914,-0.7731351,0.8432981,0.4771342,-0.7753607,0.8243335,0.5327423,-0.8285155,0.06054558,
1529062226272,0.8059042,0.5200912,-0.8570456,0.7940139,0.4905099,-0.8358154,0.7925653,0.4693351,-0.8204206,0.7883401,0.515612,-0.7819396,0.7828345,0.4937842,-0.7629147,0.7817292,0.4753209,-0.7614502,0.8067732,0.5144358,-0.775079,0.7985678,0.4891606,-0.7543223,0.7943183,0.4683649,-0.7531407,0.8284271,0.5127557,-0.7793965,0.8212532,0.4856371,-0.7661834,0.8169971,0.466105,-0.7718402,0.8507516,0.5126193,-0.7856829,0.8476768,0.4923406,-0.7728126,0.8425247,0.4770564,-0.7749485,0.8239157,0.5325066,-0.8284153,0.06025584,
1529062226299,0.8053098,0.5199631,-0.8570967,0.7932528,0.4904237,-0.8358957,0.7915857,0.4692476,-0.8205004,0.7876581,0.515548,-0.7820292,0.7820635,0.4936787,-0.7630714,0.780898,0.4752044,-0.7615971,0.8060501,0.5143713,-0.7751263,0.7976973,0.489123,-0.7543778,0.7933598,0.4683342,-0.7531241,0.8277746,0.5128163,-0.7792081,0.8205187,0.4858881,-0.7654473,0.8161582,0.4662546,-0.7705904,0.8500867,0.5124464,-0.7856485,0.8469492,0.4921894,-0.7727865,0.8417535,0.4768983,-0.7749125,0.8233386,0.5323684,-0.8284334,0.06016074,
1529062226326,0.8042594,0.5196174,-0.8572816,0.791863,0.4902679,-0.8360137,0.7899299,0.4691878,-0.8205082,0.7860056,0.5156338,-0.7823957,0.7800934,0.4937647,-0.7635685,0.7788441,0.4752839,-0.7621857,0.8043075,0.5145062,-0.7753097,0.7955427,0.4893952,-0.7545693,0.7910618,0.4686331,-0.7532746,0.8261584,0.5129983,-0.7790356,0.8186471,0.4863264,-0.7647323,0.8141855,0.4666023,-0.7693596,0.848523,0.512329,-0.7854736,0.8451778,0.4921288,-0.7726455,0.8399067,0.4768459,-0.774838,0.8221882,0.5321074,-0.8285453,0.05967895,
1529062226352,0.803668,0.5194653,-0.8573275,0.7912208,0.4901595,-0.836035,0.7892749,0.4691245,-0.8204691,0.7850533,0.5156186,-0.7825737,0.7791167,0.4936829,-0.7638645,0.777948,0.475192,-0.7626127,0.8033023,0.5146033,-0.7753633,0.7944739,0.4894831,-0.7546851,0.7900457,0.4687057,-0.7534516,0.8252052,0.5131881,-0.7789165,0.8176973,0.4865607,-0.7645544,0.8133136,0.4668244,-0.769172,0.8475922,0.5124643,-0.785321,0.8442108,0.4922206,-0.7726159,0.8389655,0.4769292,-0.7749253,0.8214256,0.5321087,-0.8285306,0.05926619,
1529062226379,0.8029592,0.5189881,-0.857314,0.7902173,0.4898128,-0.8360122,0.7879822,0.4688409,-0.8203803,0.7838984,0.5153813,-0.7827448,0.7778031,0.4933471,-0.7642412,0.7766452,0.4748497,-0.7631977,0.8020866,0.5144045,-0.7753928,0.7930482,0.4892562,-0.754868,0.7885908,0.4684786,-0.7537743,0.8240537,0.5130283,-0.7787149,0.8164124,0.4864767,-0.7642453,0.8120128,0.4667244,-0.7687575,0.8464676,0.512139,-0.7850674,0.8429525,0.4918579,-0.7724905,0.8376693,0.4765889,-0.7749242,0.8206255,0.5317219,-0.8284336,0.05860451,
1529062226404,0.8021973,0.5194718,-0.8578714,0.7891763,0.4904875,-0.8364881,0.7868317,0.4695978,-0.8207783,0.7830849,0.5161519,-0.7834014,0.7767999,0.494018,-0.7651547,0.775594,0.4755244,-0.7644455,0.801271,0.5151233,-0.776006,0.7920091,0.4899608,-0.7556467,0.7874418,0.4692035,-0.7547542,0.8232894,0.5137157,-0.7791883,0.8154641,0.4872948,-0.7644705,0.8109088,0.467521,-0.7687142,0.8456881,0.5125386,-0.785633,0.8420248,0.4922372,-0.7731292,0.8366291,0.4770069,-0.7755976,0.8199845,0.5322049,-0.8290095,0.05774765,
1529062226449,0.8007022,0.5200593,-0.8579383,0.787652,0.4910694,-0.8365731,0.785284,0.4701582,-0.8209066,0.7818372,0.5163932,-0.783578,0.7755026,0.4939657,-0.7657452,0.7743052,0.4754654,-0.7654226,0.8000821,0.5153157,-0.776255,0.7907943,0.4898815,-0.7562367,0.7862027,0.4691166,-0.7555985,0.8221663,0.5140554,-0.7793738,0.8143542,0.4876076,-0.764382,0.8096691,0.4677367,-0.7680974,0.8445241,0.5127214,-0.7860537,0.8409017,0.492248,-0.7737433,0.835479,0.4769827,-0.7761506,0.8186575,0.5326956,-0.8291215,0.05680829,
1529062226473,0.800835,0.519864,-0.8576742,0.7877502,0.4909245,-0.8362578,0.7853503,0.4700465,-0.8205564,0.7818344,0.5162032,-0.7834202,0.775424,0.4937302,-0.7656354,0.774196,0.4752305,-0.7652927,0.8000735,0.5151143,-0.7760767,0.7907142,0.4896374,-0.7561029,0.7860916,0.4688742,-0.7554212,0.8221663,0.5138707,-0.7791444,0.8142917,0.4874144,-0.7640843,0.8095653,0.4674968,-0.7675918,0.8445563,0.5125041,-0.7858025,0.8409312,0.4920012,-0.7734838,0.8355204,0.4766936,-0.7757623,0.8187503,0.5324953,-0.8288761,0.05661597,
1529062226499,0.8009056,0.5196283,-0.8574861,0.7877789,0.4908373,-0.8358989,0.7854052,0.4700686,-0.8200647,0.7816638,0.5162888,-0.783351,0.7751937,0.4938405,-0.7655686,0.7739847,0.4753437,-0.7652386,0.7998783,0.5152284,-0.7759547,0.7904469,0.489778,-0.7559913,0.7858348,0.4690134,-0.7553218,0.8219932,0.5140058,-0.7789189,0.8140693,0.4876071,-0.7637539,0.8093429,0.4676549,-0.7671221,0.8444462,0.5126172,-0.7854823,0.8408706,0.4921783,-0.7729303,0.8355122,0.476837,-0.7749487,0.8187283,0.5323918,-0.8287351,0.05625087,
1529062226527,0.801132,0.5193781,-0.8577539,0.7880771,0.4906852,-0.8360068,0.7858646,0.4699948,-0.8200625,0.7817699,0.5161744,-0.783753,0.7752513,0.4936671,-0.7660677,0.7740672,0.4751705,-0.7658145,0.7999758,0.5151538,-0.7763327,0.7904865,0.4896621,-0.7564397,0.7858806,0.4688912,-0.7557906,0.8221395,0.5140328,-0.7791738,0.8142038,0.4877045,-0.7637706,0.8094497,0.4676831,-0.7667892,0.8446428,0.5126071,-0.7857285,0.8411741,0.4922111,-0.7729164,0.8358929,0.4768277,-0.774592,0.8189079,0.5322277,-0.8290696,0.0557567,
1529062226552,0.8011314,0.5194725,-0.8577396,0.788344,0.4907911,-0.8358222,0.7863759,0.4701525,-0.8197918,0.7818302,0.5162445,-0.7838032,0.7754252,0.4936766,-0.7662009,0.7743623,0.4751766,-0.7660834,0.8000739,0.5153285,-0.7764011,0.7907337,0.4897711,-0.7565652,0.7862521,0.4689746,-0.7560307,0.822292,0.514412,-0.7791667,0.8145487,0.4881531,-0.7635026,0.8098643,0.4680671,-0.7662552,0.8448293,0.513086,-0.7857527,0.8416106,0.4927866,-0.7726572,0.8364593,0.477339,-0.7740333,0.8188515,0.5324379,-0.8291673,0.05526449,
1529062226579,0.8012307,0.5194327,-0.8568176,0.7885804,0.4907597,-0.8348143,0.7867491,0.4701445,-0.8187439,0.7817068,0.5161321,-0.7830415,0.77518,0.4934583,-0.7657036,0.7741601,0.4749647,-0.7658867,0.7999554,0.5152948,-0.7755738,0.790475,0.4897222,-0.7558868,0.785986,0.4689273,-0.7555393,0.8223335,0.5145713,-0.778098,0.8146257,0.488527,-0.7619929,0.8098999,0.4683797,-0.7642999,0.8448815,0.5131754,-0.7847433,0.8417389,0.4930053,-0.7714301,0.8366281,0.477505,-0.772575,0.8188738,0.5323929,-0.8282933,0.05454908,
1529062226621,0.8014999,0.5195307,-0.8561982,0.7891292,0.4910421,-0.8338391,0.7877471,0.4705653,-0.8175707,0.7818007,0.5165372,-0.7826744,0.7750577,0.4937641,-0.7655858,0.7739842,0.4752728,-0.7659621,0.800066,0.515732,-0.7751637,0.7903579,0.4901616,-0.7556347,0.7857782,0.4693779,-0.7554308,0.8226385,0.5151732,-0.7774039,0.8149093,0.4894621,-0.7606045,0.8100234,0.4692298,-0.7620596,0.8451444,0.5135249,-0.7841824,0.8419725,0.4934869,-0.7707426,0.8367946,0.4779488,-0.7717289,0.8191164,0.5325687,-0.8278646,0.0536193,
1529062226647,0.801562,0.5199486,-0.8555261,0.7893153,0.4915677,-0.8329853,0.7881733,0.4711558,-0.8166341,0.7818965,0.516968,-0.7822226,0.7749497,0.493982,-0.7655051,0.773813,0.4754904,-0.766116,0.8002068,0.5161833,-0.7746951,0.7903103,0.4904984,-0.7554404,0.785646,0.4697237,-0.7554476,0.8229523,0.5157909,-0.7767227,0.8152232,0.4902911,-0.7594823,0.8102024,0.4700188,-0.7603428,0.8454331,0.5139519,-0.7836457,0.8422619,0.4939692,-0.7702162,0.8370041,0.4784099,-0.7711824,0.8192786,0.5329707,-0.8273215,0.05269806,
1529062226673,0.8015593,0.5202711,-0.8552469,0.7895755,0.4917671,-0.832719,0.7886138,0.4712891,-0.8164377,0.7819958,0.5168295,-0.7820669,0.7749791,0.4936227,-0.765722,0.773863,0.4751431,-0.7666463,0.8003503,0.5160667,-0.7745812,0.7903919,0.490203,-0.7556335,0.7857208,0.4694282,-0.7559054,0.8232028,0.5158243,-0.7765579,0.8155329,0.4903217,-0.7592576,0.8104792,0.4700212,-0.7599347,0.8456534,0.5140201,-0.783588,0.8424978,0.4940231,-0.7702703,0.8372089,0.4784487,-0.7713432,0.819314,0.5331882,-0.8271044,0.05207329,
1529062226699,0.801672,0.5201547,-0.8546396,0.7899417,0.4915525,-0.8321029,0.789155,0.4710152,-0.815884,0.7821801,0.5163604,-0.7815125,0.7751435,0.4930658,-0.7653502,0.7740134,0.474606,-0.7664948,0.8005333,0.5155689,-0.7740633,0.790512,0.4896648,-0.7552587,0.785792,0.4689094,-0.7557229,0.8234427,0.5153496,-0.776039,0.8157762,0.4898885,-0.7586917,0.8106573,0.4695884,-0.7593064,0.8458565,0.5135256,-0.7831566,0.8426621,0.4935555,-0.7699265,0.8372966,0.4780052,-0.7711723,0.8194193,0.5328863,-0.8265699,0.05178275,
1529062226726,0.8018443,0.5198598,-0.8545202,0.7902745,0.4912993,-0.8318598,0.7896399,0.4708174,-0.8155586,0.7821124,0.5162652,-0.7814837,0.7751001,0.4929719,-0.7653879,0.7740505,0.4745237,-0.7666756,0.8003893,0.5155378,-0.7739856,0.7903036,0.4896628,-0.755296,0.7856443,0.4689137,-0.756005,0.8233744,0.5154101,-0.7758078,0.8157095,0.4900908,-0.7583026,0.8105981,0.4697719,-0.7588,0.8457819,0.5135357,-0.7829036,0.8425239,0.4936452,-0.7697135,0.837119,0.4781032,-0.7711244,0.8194413,0.5326912,-0.8264871,0.05144231,
1529062226751,0.8017629,0.5200878,-0.8545818,0.7901471,0.4915554,-0.8319209,0.7895315,0.4710585,-0.8156385,0.7821207,0.5165063,-0.7815118,0.7750478,0.4932415,-0.765438,0.7739286,0.4748108,-0.7668133,0.8003758,0.5156871,-0.7740383,0.7901764,0.4898711,-0.7553622,0.7854151,0.4691531,-0.7561387,0.8233802,0.5154482,-0.7758762,0.8156278,0.4901901,-0.7583345,0.8104093,0.4698966,-0.7588153,0.8457671,0.5134357,-0.7830331,0.8424292,0.4935522,-0.7699062,0.8369265,0.4780467,-0.7714071,0.8194384,0.5327905,-0.8265687,0.05139483,
1529062226778,0.8019913,0.5200483,-0.8542622,0.7904556,0.4916162,-0.8314279,0.789897,0.4711991,-0.8150548,0.7823023,0.5167805,-0.781173,0.7752961,0.4936303,-0.7649523,0.7741787,0.4752018,-0.7662947,0.8005188,0.5159227,-0.773724,0.7903332,0.4902095,-0.7549323,0.7855577,0.4694996,-0.7556779,0.823505,0.5156102,-0.7755816,0.8157408,0.4904383,-0.7578885,0.8104839,0.4701441,-0.7581874,0.8458369,0.5135187,-0.782747,0.8424005,0.4936722,-0.7696862,0.8368256,0.4781942,-0.7713252,0.8195976,0.5327798,-0.8263454,0.05138709,
1529062226805,0.8018367,0.5204163,-0.854458,0.7903558,0.4921296,-0.8314344,0.7899922,0.4718104,-0.8149629,0.7821581,0.5174231,-0.781405,0.7750776,0.4943396,-0.7651057,0.7738957,0.4759049,-0.7663562,0.8003865,0.5164881,-0.7740052,0.7901437,0.4907944,-0.755208,0.7853226,0.4700927,-0.7559322,0.8233513,0.5160782,-0.7759105,0.8155035,0.4908962,-0.7582021,0.8101831,0.4706061,-0.7583737,0.8456123,0.5139029,-0.7830927,0.8420063,0.4940135,-0.7701783,0.8363423,0.478579,-0.7719674,0.8194717,0.5331856,-0.8266438,0.05136599,
1529062226848,0.8019897,0.5207957,-0.854721,0.7908293,0.4925512,-0.8315049,0.7908481,0.4723076,-0.8149685,0.782264,0.5178486,-0.7817217,0.7751975,0.4948193,-0.7652915,0.7739842,0.4763643,-0.7663606,0.8005881,0.5168796,-0.7743523,0.7904923,0.4911705,-0.7554346,0.7856947,0.47045,-0.7559876,0.823469,0.5164107,-0.7763848,0.8156741,0.4911354,-0.7586557,0.810378,0.4708386,-0.7586612,0.8456708,0.5142771,-0.7835837,0.8420089,0.4942956,-0.7708855,0.8363197,0.4788812,-0.7728719,0.8195147,0.5335952,-0.8270336,0.05160978,
1529062226872,0.8015807,0.5214842,-0.8551431,0.7906932,0.4932076,-0.8318529,0.7910056,0.4729703,-0.8153228,0.7821438,0.5183498,-0.7821004,0.7751747,0.4953007,-0.7656221,0.7739704,0.4768306,-0.7666044,0.8005605,0.5173879,-0.774817,0.7906632,0.4916093,-0.7558377,0.7859117,0.4708647,-0.7562728,0.8233987,0.5169678,-0.7769825,0.8157595,0.4916152,-0.7592094,0.8105192,0.4713026,-0.759075,0.8455901,0.5149131,-0.7842828,0.8420818,0.4948584,-0.7715837,0.8364643,0.4793729,-0.7733908,0.8191749,0.534261,-0.8275518,0.05175501,
1529062226898,0.8011502,0.5217445,-0.8547627,0.790568,0.493323,-0.8314955,0.7910116,0.4729751,-0.8150935,0.7822509,0.51808,-0.7816914,0.7752376,0.4948684,-0.7654228,0.7739231,0.4764076,-0.7665337,0.800809,0.5169861,-0.7746001,0.7909778,0.4910156,-0.7558047,0.7861404,0.4702886,-0.7563488,0.8236171,0.516552,-0.7769768,0.8160253,0.4910696,-0.7592864,0.8106983,0.4707764,-0.7591118,0.8457922,0.5145349,-0.7844648,0.8423907,0.4944115,-0.7718235,0.8367298,0.4789091,-0.7735373,0.8189641,0.5342751,-0.8273196,0.05159308,
1529062226925,0.8011256,0.5212182,-0.853572,0.7908322,0.492757,-0.8302203,0.7914658,0.4723893,-0.81385,0.7824878,0.5173441,-0.780583,0.7754328,0.4939715,-0.7645379,0.7740514,0.4755165,-0.7657816,0.8010983,0.5161587,-0.7736219,0.7912525,0.4900028,-0.7550985,0.7863649,0.4692922,-0.7558646,0.8239055,0.515744,-0.7760706,0.8162975,0.4901747,-0.7585099,0.8108896,0.4698797,-0.7583565,0.8460373,0.5137352,-0.7836424,0.842614,0.4935967,-0.7710465,0.836881,0.4781107,-0.7727629,0.8190103,0.533655,-0.826278,0.05122119,
1529062226951,0.8010623,0.5208967,-0.8529838,0.7907557,0.4925093,-0.8295529,0.7913901,0.4721785,-0.813133,0.7823141,0.5170981,-0.7801898,0.7750862,0.4935688,-0.7644376,0.7736708,0.4751238,-0.7658478,0.8009099,0.5159339,-0.7731856,0.7908553,0.4896962,-0.7548906,0.785904,0.4690046,-0.7558088,0.8238046,0.5155446,-0.7755226,0.8160882,0.4899764,-0.7580838,0.8106117,0.4696763,-0.7580339,0.8459055,0.5134501,-0.783095,0.8423417,0.4933149,-0.7705824,0.8365223,0.4778666,-0.7724062,0.8189844,0.533368,-0.8257278,0.05058198,
1529062226981,0.8013936,0.5202023,-0.8517455,0.7910177,0.4918893,-0.8282573,0.7916045,0.4716343,-0.8117385,0.7821568,0.5165836,-0.7791524,0.7748598,0.4929948,-0.7635393,0.7735481,0.4745488,-0.7650294,0.8007039,0.5155606,-0.7719924,0.790555,0.4893034,-0.7538123,0.7856974,0.4685976,-0.7548355,0.823678,0.51531,-0.7741016,0.8159378,0.489785,-0.7566985,0.8105379,0.4694538,-0.7567382,0.8458303,0.5132605,-0.7815229,0.842233,0.4931795,-0.7689898,0.8364549,0.4777362,-0.7709146,0.8191434,0.5328442,-0.8244249,0.05016245,
1529062227374,0.8015051,0.52075,-0.8546252,0.7913595,0.4925378,-0.8308861,0.7917572,0.4723485,-0.8142008,0.7825922,0.516562,-0.7831365,0.7751353,0.4917277,-0.7699551,0.7743721,0.4735043,-0.7733276,0.8011542,0.5157367,-0.7761123,0.7906768,0.4882623,-0.7602412,0.786135,0.4676346,-0.7630565,0.8243604,0.5160539,-0.7779031,0.8164456,0.4897813,-0.7623889,0.8112106,0.4695964,-0.7647499,0.8462225,0.5145303,-0.7850697,0.841976,0.4943843,-0.7731364,0.8359653,0.4792014,-0.7759967,0.8195369,0.5338207,-0.8275641,0.04443191,
1529062227488,0.8000345,0.5209816,-0.8455614,0.7891306,0.493008,-0.8218418,0.7887371,0.4728253,-0.8051168,0.7811846,0.5166931,-0.7742295,0.7732114,0.4918542,-0.7609193,0.7719456,0.4734865,-0.7636191,0.8000535,0.5153497,-0.7673665,0.7895333,0.4875599,-0.7517004,0.7847342,0.4668963,-0.7541807,0.8232382,0.5155972,-0.7690301,0.8152844,0.4891879,-0.7532327,0.8098093,0.4689083,-0.7546049,0.8452456,0.5139984,-0.7760934,0.8413263,0.4937698,-0.7637749,0.835388,0.4782804,-0.7654487,0.8183972,0.5337124,-0.8185014,0.04477109,
1529062227513,0.8003651,0.5219867,-0.8450543,0.7893824,0.494099,-0.821264,0.7888904,0.4739794,-0.804461,0.7813561,0.5178685,-0.7737768,0.7733318,0.4930592,-0.7604308,0.7720905,0.4746718,-0.7630477,0.8002349,0.5166019,-0.7668548,0.7896875,0.4888527,-0.7511051,0.7849143,0.4681615,-0.7534589,0.8234569,0.5169359,-0.7684232,0.8155181,0.4906101,-0.752446,0.8100835,0.4703091,-0.7536435,0.8455393,0.5153692,-0.7754286,0.8417211,0.4952118,-0.7629086,0.8358635,0.4796766,-0.7643812,0.8186874,0.5348344,-0.8179979,0.04469652,
1529062227553,0.7997735,0.5238373,-0.8448129,0.7889573,0.495862,-0.8210418,0.7884949,0.475661,-0.8043184,0.7812352,0.519384,-0.7735189,0.7731386,0.494478,-0.7603259,0.7717631,0.4760864,-0.7629573,0.8001829,0.5180075,-0.7667682,0.789596,0.4901464,-0.7511528,0.7846959,0.4694702,-0.7534912,0.8234177,0.5183171,-0.7684699,0.8154839,0.4919176,-0.7525258,0.8099538,0.4716319,-0.753638,0.8454551,0.516721,-0.7756553,0.8416772,0.4964922,-0.7631757,0.8357776,0.4809615,-0.7645646,0.8183072,0.5365132,-0.8178721,0.04461913,
1529062227578,0.799365,0.5254453,-0.8450098,0.7887371,0.4974459,-0.8211715,0.7882966,0.4772375,-0.8044364,0.781238,0.5209261,-0.7736995,0.773205,0.4959322,-0.7605907,0.7718272,0.477534,-0.7632302,0.8002481,0.5195861,-0.7670556,0.7897587,0.4916447,-0.7514486,0.7848498,0.4709504,-0.7537023,0.8234866,0.5199641,-0.7688645,0.8156741,0.4935244,-0.7528759,0.8101593,0.4732284,-0.7538955,0.8454781,0.5184109,-0.7761807,0.8418006,0.4981572,-0.7636687,0.8359236,0.4826117,-0.7649679,0.8180181,0.5381792,-0.8181967,0.04437662,
1529062227621,0.7993172,0.5263516,-0.8448827,0.7893352,0.4981764,-0.820976,0.7894087,0.477957,-0.80426,0.7816204,0.5215983,-0.77353,0.7739483,0.4964534,-0.7605844,0.7728671,0.4780925,-0.763486,0.800674,0.5205838,-0.7669349,0.7905411,0.4925541,-0.7513125,0.7858733,0.4718167,-0.753639,0.8239307,0.5212352,-0.7689016,0.8164963,0.4947145,-0.7529479,0.8112171,0.4743593,-0.7540774,0.8458464,0.519958,-0.7763633,0.8423811,0.4996874,-0.7638621,0.8366462,0.4840939,-0.7652215,0.8179525,0.539349,-0.8181978,0.04400183,
1529062227645,0.7994508,0.5263785,-0.8444288,0.7896125,0.4981685,-0.8205085,0.7898591,0.4779794,-0.8037735,0.7818034,0.5216548,-0.7730384,0.7743034,0.4964897,-0.76015,0.7734482,0.4781649,-0.7632337,0.8008459,0.5209122,-0.7663479,0.7908503,0.492954,-0.7506149,0.7863526,0.4721952,-0.7529887,0.8241469,0.521724,-0.7683233,0.8168911,0.4952648,-0.7522913,0.8117712,0.4748766,-0.7534888,0.846056,0.5205731,-0.7758137,0.8426863,0.5003574,-0.7632621,0.8370469,0.4847338,-0.7646717,0.8180519,0.5395812,-0.8177388,0.04373593,
1529062227672,0.7994993,0.5265177,-0.844229,0.7896891,0.4983049,-0.8203097,0.7900387,0.4781183,-0.8035871,0.7820321,0.5218203,-0.772742,0.7745577,0.4966986,-0.7598549,0.7737659,0.4784062,-0.7630644,0.8010818,0.5211611,-0.7660458,0.791089,0.4933017,-0.7502266,0.7866153,0.4725537,-0.7526551,0.8244123,0.5219741,-0.7680905,0.8171955,0.49558,-0.7520218,0.8120938,0.4751909,-0.7532846,0.8463117,0.5208315,-0.7756443,0.8429627,0.5006679,-0.7630572,0.8373206,0.4850533,-0.764516,0.8182055,0.5397447,-0.8175599,0.04366895,
1529062227698,0.7988814,0.5272213,-0.8434086,0.7886893,0.4990312,-0.8196112,0.7886763,0.4787638,-0.8029706,0.7810634,0.5225067,-0.7720365,0.7731389,0.4974275,-0.7592906,0.7720264,0.47914,-0.7625111,0.8000962,0.5214237,-0.7653795,0.7896325,0.4935439,-0.749845,0.7848352,0.4728751,-0.7523952,0.8234149,0.5219142,-0.7673259,0.8157133,0.4955043,-0.7514652,0.8102875,0.4752168,-0.752871,0.8453258,0.520508,-0.774773,0.841629,0.5003407,-0.7622467,0.8357509,0.4848227,-0.7637337,0.8176549,0.540071,-0.8166546,0.04375315,
1529062227725,0.798535,0.5277373,-0.8426996,0.7881786,0.4994309,-0.8190849,0.7878586,0.4790694,-0.8025439,0.7803813,0.5227336,-0.7714921,0.7722517,0.4975639,-0.7590095,0.7710699,0.4792904,-0.7623224,0.7994281,0.5215017,-0.7648318,0.7887882,0.493466,-0.7496175,0.7839171,0.4728159,-0.7522689,0.8227434,0.5219764,-0.7666607,0.814857,0.4954497,-0.7510319,0.8093607,0.4751899,-0.7525535,0.8446804,0.5206057,-0.7739804,0.8408608,0.5003956,-0.761491,0.8349568,0.484884,-0.7629377,0.8172007,0.5404419,-0.815837,0.04358526,
1529062227752,0.7981611,0.5281408,-0.8415186,0.7877859,0.4997057,-0.8180577,0.7873404,0.4792119,-0.8016639,0.780017,0.5226652,-0.7704343,0.77167,0.4973969,-0.7582276,0.7702957,0.4791549,-0.7616688,0.7990997,0.5211948,-0.7638281,0.7882587,0.4930532,-0.748845,0.7831664,0.4724486,-0.7515313,0.8224078,0.521512,-0.7656794,0.8143392,0.4948901,-0.7502361,0.8086544,0.4746823,-0.7518103,0.8443146,0.5200499,-0.7730277,0.8403912,0.4997782,-0.7605854,0.8343852,0.4842975,-0.7619489,0.8168764,0.5404792,-0.8146474,0.04347568,
1529062227779,0.7973468,0.5287935,-0.8402017,0.7870018,0.500407,-0.816659,0.786447,0.4799361,-0.8002132,0.7789478,0.523438,-0.7693198,0.7704506,0.4981042,-0.7572837,0.7689869,0.4798563,-0.7607283,0.798021,0.5218624,-0.7626997,0.787021,0.4936489,-0.7478973,0.7818292,0.4730546,-0.7505876,0.8213105,0.5221083,-0.7644727,0.8130577,0.4954556,-0.7491147,0.8072685,0.4752718,-0.7506672,0.8431902,0.5205702,-0.7717462,0.8390921,0.500292,-0.7593169,0.8330092,0.4848369,-0.7606338,0.8159681,0.5411035,-0.8133696,0.04317312,
1529062227820,0.7962854,0.530027,-0.8387622,0.7861068,0.5018152,-0.8149472,0.7856366,0.4815109,-0.7982665,0.7773159,0.5251842,-0.768219,0.7689626,0.4997169,-0.7562673,0.7676381,0.4814207,-0.7596053,0.79632,0.52371,-0.7614731,0.7854435,0.4953228,-0.7468569,0.7804229,0.4746743,-0.7495612,0.8195653,0.5240679,-0.7630302,0.8113384,0.4973018,-0.7478052,0.8056788,0.4770907,-0.7494172,0.8414419,0.5225638,-0.7700951,0.8372617,0.5021952,-0.7578158,0.8312182,0.4867387,-0.7592529,0.8145304,0.5427319,-0.8119476,0.04264559,
1529062227855,0.7962992,0.5304451,-0.8378863,0.7861348,0.5022773,-0.8140092,0.7856399,0.4820297,-0.7972558,0.7771157,0.5257379,-0.7674719,0.7688805,0.500196,-0.7556105,0.7676907,0.4819057,-0.7590153,0.7960725,0.5243655,-0.760649,0.7852722,0.4959112,-0.7461216,0.7803679,0.4752444,-0.7488936,0.8193203,0.5248309,-0.7620846,0.8111475,0.4980468,-0.7468594,0.8055758,0.4778191,-0.7484899,0.8412317,0.5234026,-0.7690373,0.8371006,0.5030502,-0.7566976,0.8311221,0.4875709,-0.7580965,0.8144118,0.5433205,-0.8110468,0.04224359,
1529062227889,0.7967769,0.5319576,-0.8369907,0.786608,0.5037963,-0.81311,0.7861081,0.4835365,-0.7963675,0.7774637,0.5271605,-0.766734,0.7691752,0.5015367,-0.7550793,0.7679526,0.4832742,-0.7586206,0.7963926,0.525685,-0.7598968,0.7855032,0.4971482,-0.7456001,0.7805441,0.4765148,-0.7485318,0.8196344,0.5260835,-0.761263,0.8113555,0.499251,-0.7461582,0.8057042,0.4790537,-0.7478633,0.8415282,0.5245873,-0.768173,0.8373009,0.5042029,-0.7559005,0.8312531,0.4887592,-0.7573446,0.8148021,0.5447523,-0.8101532,0.04188694,
1529062227927,0.7974178,0.5344803,-0.8366941,0.7871123,0.5064431,-0.8127332,0.786564,0.4862965,-0.7958585,0.7774466,0.530062,-0.766729,0.7691563,0.5043712,-0.7552607,0.768126,0.4861205,-0.7589034,0.7963269,0.5286732,-0.7597247,0.7854308,0.5000279,-0.7456926,0.7806489,0.4793756,-0.7488015,0.8195468,0.5291675,-0.7608433,0.8111795,0.5022587,-0.7459615,0.8056425,0.4820534,-0.7478808,0.8414745,0.5277117,-0.7675132,0.8370792,0.5072677,-0.7554458,0.8310468,0.4918371,-0.7571239,0.8151706,0.5475666,-0.8097551,0.04129977,
1529062227963,0.7982029,0.5393357,-0.836105,0.7879004,0.5111423,-0.8122991,0.7871098,0.4909139,-0.7955021,0.7785292,0.5346484,-0.7661303,0.7703228,0.50881,-0.7548082,0.7693436,0.4905285,-0.7583875,0.7975079,0.5333422,-0.7592143,0.7868109,0.5044826,-0.7453203,0.782125,0.4837808,-0.7483432,0.8207061,0.5339824,-0.7604354,0.8125263,0.5068511,-0.7457148,0.8071068,0.4865853,-0.7475356,0.8425505,0.5326256,-0.7672706,0.8382176,0.5119172,-0.7555134,0.8322891,0.49641,-0.7571546,0.8160426,0.5525583,-0.8091296,0.04114944,
1529062228006,0.7995037,0.5511744,-0.8350028,0.7877473,0.5235713,-0.8111346,0.7854124,0.5037067,-0.7939779,0.7782902,0.5481832,-0.7654498,0.7695293,0.5225442,-0.7539297,0.7686495,0.5041593,-0.7569858,0.79721,0.5471919,-0.757973,0.7860353,0.5185896,-0.743704,0.7814281,0.497773,-0.7460818,0.820489,0.5479547,-0.7585874,0.8119005,0.5211089,-0.7433863,0.8065744,0.5007435,-0.7445107,0.8424872,0.5465288,-0.764868,0.8377846,0.5259897,-0.7528622,0.8319747,0.5103872,-0.754199,0.8170627,0.5652559,-0.8077065,0.04061544,
1529062228044,0.7992123,0.5707461,-0.8329211,0.786254,0.5434121,-0.8093327,0.7826427,0.5236876,-0.792177,0.7769567,0.5684054,-0.7638097,0.7677255,0.5427519,-0.7524453,0.766783,0.524306,-0.7551848,0.7958186,0.5675377,-0.7558983,0.784211,0.53899,-0.7415735,0.7795049,0.5181199,-0.743451,0.8191541,0.5683013,-0.7560731,0.8102134,0.541518,-0.7406752,0.8048339,0.5211043,-0.7411484,0.8412244,0.5667932,-0.7619823,0.8362287,0.546221,-0.7499767,0.8304721,0.5305544,-0.7510379,0.816679,0.5851751,-0.8052472,0.04025331,
1529062228080,0.7992516,0.587207,-0.8303825,0.7850596,0.5605075,-0.8067539,0.7801577,0.5412333,-0.7893486,0.7750405,0.5864571,-0.7621791,0.7653385,0.5608557,-0.7508327,0.7644673,0.5423207,-0.7530398,0.7937436,0.5859218,-0.7535776,0.7816832,0.5575191,-0.7390383,0.7769955,0.5365666,-0.7402052,0.8170986,0.5867722,-0.7530523,0.8077379,0.5601363,-0.7373846,0.8024079,0.5396751,-0.7371486,0.8392594,0.5852755,-0.7582057,0.8338565,0.564815,-0.7459816,0.8282205,0.5490487,-0.7465316,0.8160911,0.6024753,-0.8024347,0.03956889,
1529062228116,0.7954743,0.6077944,-0.8300911,0.7804959,0.5812984,-0.8067102,0.7746845,0.562158,-0.789381,0.7706026,0.6072694,-0.7624303,0.7606763,0.5815006,-0.7515638,0.759948,0.5629455,-0.7537639,0.7892297,0.6069477,-0.7535222,0.7768717,0.5784397,-0.7391798,0.7721625,0.5574542,-0.7400184,0.8125897,0.6079655,-0.7526462,0.8029491,0.5812789,-0.7369738,0.7976061,0.5608034,-0.7362236,0.8347385,0.6066355,-0.7574413,0.829035,0.5861739,-0.7451191,0.8234923,0.5703387,-0.74516,0.8122162,0.623411,-0.8019032,0.03855339,
1529062228151,0.7936796,0.6296575,-0.8263424,0.7760483,0.6048089,-0.802953,0.7676864,0.586725,-0.7854744,0.7664158,0.6324475,-0.760235,0.7551327,0.6070402,-0.7494075,0.7536738,0.5884128,-0.7508164,0.7847594,0.6316401,-0.7505959,0.7709805,0.6035462,-0.7363022,0.7654598,0.5826955,-0.7363356,0.8079181,0.6317989,-0.7488654,0.7967017,0.6054305,-0.7333701,0.7905517,0.5851687,-0.7319865,0.8298721,0.6295494,-0.7526953,0.8226106,0.6092312,-0.7406669,0.8164513,0.593581,-0.7402823,0.8101006,0.6458138,-0.7979546,0.03742164,
1529062228197,0.7939122,0.6569073,-0.8208567,0.7735507,0.6341836,-0.7975042,0.7628742,0.6176264,-0.7797605,0.7631764,0.6636621,-0.7574354,0.7516785,0.6383308,-0.746471,0.7505049,0.6196076,-0.7470431,0.780823,0.663299,-0.7466909,0.7665426,0.6353186,-0.7323956,0.7610907,0.6144179,-0.7316044,0.8035207,0.6634669,-0.7435927,0.791361,0.6372321,-0.7283522,0.7851402,0.6169991,-0.7264519,0.8252205,0.6610609,-0.7458045,0.8166954,0.6408582,-0.7342325,0.8103844,0.6252414,-0.7337266,0.8089764,0.6748371,-0.7923852,0.03503358,
1529062228233,0.7922134,0.6907369,-0.8140934,0.7700904,0.6693233,-0.7910917,0.7577726,0.6536987,-0.7735291,0.7595334,0.6992339,-0.7524773,0.7478728,0.6738789,-0.7417632,0.7468692,0.6551229,-0.7421876,0.7767278,0.6989672,-0.7410213,0.7620963,0.6709978,-0.7270635,0.7566671,0.6500714,-0.7262574,0.7990928,0.6988939,-0.7372251,0.7863163,0.6725487,-0.7226933,0.7800412,0.6522915,-0.7211357,0.8205255,0.6962982,-0.7385429,0.8111365,0.6760287,-0.7277574,0.8046615,0.660464,-0.7277541,0.8065658,0.7092217,-0.7855135,0.03321441,
1529062228268,0.7927028,0.7146415,-0.8074532,0.7699412,0.6939539,-0.7844044,0.75679,0.6790182,-0.7668104,0.7572908,0.7247289,-0.7480897,0.7460256,0.6993053,-0.737056,0.7455963,0.680508,-0.7367837,0.7739427,0.7254808,-0.7357813,0.7595948,0.697578,-0.7213815,0.7547053,0.6765401,-0.7199266,0.7960457,0.7260526,-0.7311606,0.7834312,0.6997226,-0.716463,0.7776846,0.6793278,-0.7145283,0.817515,0.7239562,-0.7314523,0.8082014,0.7036659,-0.7206134,0.8021439,0.6879301,-0.7204417,0.8053034,0.73467,-0.7792667,0.03207991,
1529062228305,0.79109,0.7382734,-0.8029394,0.7683782,0.7180166,-0.7794622,0.7549322,0.7034999,-0.7616934,0.7534069,0.7494601,-0.7458669,0.7418913,0.723942,-0.7350207,0.7413372,0.7051351,-0.7342268,0.7696999,0.7506216,-0.7328145,0.7550845,0.7227963,-0.718341,0.7500905,0.7018074,-0.7163664,0.7915595,0.7512815,-0.7276193,0.7786145,0.724951,-0.7130549,0.772809,0.7045884,-0.7107625,0.8130205,0.7491714,-0.7272497,0.8035085,0.7287303,-0.7167394,0.7975056,0.7129629,-0.7165018,0.8022733,0.759078,-0.7752843,0.03069052,
1529062228339,0.789982,0.7650063,-0.7960858,0.7680374,0.7449952,-0.771695,0.7551858,0.7307349,-0.7532826,0.7508388,0.7770923,-0.7406511,0.7393355,0.7515344,-0.7295897,0.7386044,0.7327403,-0.7281673,0.7669874,0.778724,-0.7271121,0.752489,0.7510347,-0.7120717,0.7474594,0.7301253,-0.7093875,0.7887166,0.779579,-0.7216586,0.7758688,0.7533487,-0.7066275,0.7700434,0.7330755,-0.7035847,0.8102096,0.7775471,-0.7209634,0.8009259,0.7570336,-0.7101962,0.7950172,0.7412403,-0.7093744,0.799997,0.7865869,-0.7692103,0.03016193,
1529062228376,0.7907941,0.8012334,-0.7826083,0.769894,0.7816476,-0.7569845,0.7578695,0.7678922,-0.7376562,0.7486806,0.8144561,-0.7300633,0.7377942,0.7888842,-0.7182066,0.73744,0.7701639,-0.7157098,0.764248,0.8174427,-0.7158324,0.7503401,0.7899987,-0.6997001,0.7458503,0.7691323,-0.6959158,0.7857007,0.8193253,-0.7096583,0.7733799,0.7934297,-0.6935064,0.7680377,0.7732277,-0.689268,0.8072512,0.8180579,-0.7080994,0.7985632,0.7977307,-0.696393,0.7931592,0.7818331,-0.6945798,0.7983929,0.8244143,-0.7570924,0.03006939,
1529062228409,0.7897463,0.8289276,-0.7712482,0.769771,0.810174,-0.744299,0.7584836,0.7972195,-0.724011,0.7453206,0.8433276,-0.7208585,0.7351322,0.8181424,-0.7077621,0.7356513,0.7995944,-0.7043643,0.7603768,0.8478226,-0.7064133,0.7470385,0.8210026,-0.688896,0.7433147,0.8002184,-0.684083,0.7816461,0.8508793,-0.6998694,0.7699397,0.8256033,-0.6824304,0.7653378,0.8054457,-0.6772416,0.8032165,0.8505722,-0.6977259,0.795031,0.8307809,-0.6848485,0.7902119,0.8148204,-0.6822463,0.7953035,0.8536329,-0.7474011,0.03021508,
1529062228439,0.78543,0.8486967,-0.7650439,0.7675853,0.8304727,-0.736307,0.7578919,0.8180541,-0.7148914,0.7415305,0.8633347,-0.7143401,0.7326121,0.8382969,-0.7000703,0.7338042,0.8199037,-0.6960269,0.7568322,0.8687878,-0.7004569,0.7449522,0.8421855,-0.6815673,0.7420032,0.8215089,-0.6758376,0.7781226,0.8727181,-0.6946326,0.7677969,0.8476893,-0.6759672,0.7639675,0.8276266,-0.6698545,0.7996744,0.8731856,-0.6930691,0.7925038,0.8536165,-0.6792411,0.7882502,0.8376522,-0.6757816,0.7903315,0.874348,-0.7426189,0.03065141,
1529062228465,0.7816857,0.8772382,-0.7534325,0.7651755,0.8601557,-0.7232265,0.7564145,0.8486426,-0.7009128,0.7382712,0.8932806,-0.7027096,0.7300781,0.8687689,-0.6871773,0.7317212,0.850587,-0.6824214,0.7537785,0.8995495,-0.6893935,0.7427413,0.8736212,-0.6690932,0.7402428,0.8531792,-0.6623871,0.7751052,0.9040896,-0.6841584,0.76558,0.8797845,-0.6641419,0.762198,0.8599716,-0.657041,0.7966298,0.9050175,-0.6830206,0.7900237,0.8860723,-0.6680673,0.7860752,0.8702596,-0.6636605,0.7862293,0.9037199,-0.7324966,0.03091075,
1529062228493,0.7801425,0.8941247,-0.7443928,0.7641692,0.8781593,-0.7132994,0.7557214,0.8674156,-0.6904869,0.7368019,0.9115928,-0.6940222,0.7285193,0.8875309,-0.678005,0.7303273,0.8694133,-0.6731656,0.7525123,0.9178879,-0.6809856,0.7413699,0.8924499,-0.6601843,0.7387913,0.8721165,-0.653185,0.7739243,0.922312,-0.675963,0.7642859,0.8984978,-0.6554499,0.7607992,0.8788192,-0.6480541,0.7953789,0.923101,-0.6749403,0.7885492,0.9046223,-0.6595265,0.7844275,0.8889621,-0.6547458,0.7848445,0.9208994,-0.7242998,0.03080393,
1529062228519,0.7801092,0.9171665,-0.7319107,0.7644181,0.9022654,-0.7001461,0.7561126,0.8922445,-0.6769552,0.7366669,0.9359856,-0.6819786,0.7281481,0.9124094,-0.6655422,0.7300632,0.8943492,-0.6606401,0.7525383,0.9422497,-0.6691455,0.7411648,0.9172953,-0.6479696,0.7384869,0.8970404,-0.64078,0.7740378,0.9465169,-0.6642322,0.7641806,0.923174,-0.6433333,0.7605619,0.9036012,-0.6357422,0.795449,0.9471171,-0.663251,0.7883487,0.9290516,-0.6475004,0.7840464,0.9135115,-0.6424938,0.7848749,0.9440247,-0.7125533,0.03080886,
1529062228546,0.7807557,0.9318812,-0.7228583,0.7645551,0.9176559,-0.6910397,0.7559637,0.9080921,-0.66777,0.736811,0.951558,-0.6735985,0.7280326,0.9282917,-0.6571234,0.7302003,0.9102321,-0.65244,0.7526039,0.9576842,-0.6607428,0.7408606,0.9329021,-0.6397488,0.7382221,0.912537,-0.6328664,0.7740815,0.9618167,-0.6556007,0.7637923,0.9386576,-0.6348407,0.7601165,0.918978,-0.6276006,0.7954339,0.9622128,-0.6544036,0.7878515,0.9443185,-0.6387421,0.7833638,0.9287686,-0.6339563,0.7855289,0.9587762,-0.703779,0.03005567,
1529062228565,0.779402,0.9465637,-0.7164081,0.7629001,0.9327309,-0.6845791,0.7542962,0.9233345,-0.6612525,0.7367316,0.9672483,-0.6663069,0.7273945,0.9442585,-0.6499634,0.7292823,0.926071,-0.6457766,0.7528204,0.9725983,-0.6536547,0.7404497,0.9479948,-0.6329852,0.7374503,0.9274982,-0.6267405,0.77448,0.9759059,-0.6486953,0.7635607,0.9528595,-0.6282659,0.7594505,0.9330668,-0.6216599,0.7958156,0.9755137,-0.6477427,0.7876271,0.9577078,-0.6323632,0.782665,0.942175,-0.628034,0.7853681,0.9729117,-0.6970816,0.02954129,
1529062228591,0.777423,0.9619347,-0.7087302,0.7602535,0.9492939,-0.6767788,0.7516137,0.9405328,-0.6532354,0.7371702,0.984897,-0.6576335,0.7269888,0.9625353,-0.6412309,0.7283579,0.9442251,-0.6375787,0.7536769,0.989172,-0.6453557,0.7403442,0.9651583,-0.6248615,0.7367269,0.9445931,-0.6193752,0.7755648,0.9911892,-0.6407305,0.7636673,0.9686623,-0.6204599,0.7588203,0.9488623,-0.6145967,0.7967244,0.9895856,-0.6401403,0.7875195,0.9722811,-0.6248626,0.781767,0.9569303,-0.6210338,0.7856313,0.9876363,-0.6892704,0.02827718,
1529062228634,0.7736909,0.9828203,-0.6986535,0.7558364,0.9736422,-0.6659132,0.7468013,0.9674327,-0.6417134,0.7338259,1.010268,-0.6503739,0.7247216,0.9890167,-0.6322266,0.7270647,0.971057,-0.6275265,0.7500038,1.015633,-0.6388158,0.7375835,0.9924995,-0.6171687,0.7353348,0.9719042,-0.6114427,0.7716833,1.018173,-0.6344429,0.7602965,0.9963937,-0.6133233,0.7563974,0.9765191,-0.6073184,0.7923971,1.017027,-0.6336492,0.7829075,1.000413,-0.6178946,0.7774919,0.9850135,-0.6140077,0.781988,1.010381,-0.6817522,0.02457514,
1529062228658,0.7727702,0.994207,-0.6942863,0.7550946,0.9857124,-0.6612673,0.7460386,0.9798192,-0.6369814,0.7345968,1.022554,-0.6457892,0.7253276,1.001093,-0.6280236,0.7272485,0.9829329,-0.6237853,0.7509555,1.026957,-0.6344875,0.738204,1.003428,-0.6135253,0.7354577,0.9826897,-0.6084329,0.772581,1.028484,-0.6303931,0.7606833,1.006156,-0.6102,0.7562445,0.9861411,-0.6049129,0.7929843,1.026742,-0.6297067,0.7827713,1.009902,-0.6147441,0.776869,0.9944963,-0.6115969,0.7821665,1.021285,-0.6774437,0.023171,
1529062228689,0.7763779,1.00568,-0.6850598,0.7591128,0.99787,-0.6516582,0.7503653,0.9924455,-0.6271509,0.7382365,1.034418,-0.6371125,0.7291896,1.012969,-0.61925,0.7311945,0.9948078,-0.6150026,0.754645,1.038667,-0.6259642,0.742213,1.01489,-0.6051601,0.7396511,0.9940612,-0.6002716,0.7761328,1.0402,-0.6219236,0.764344,1.017671,-0.6019481,0.7600055,0.9975668,-0.5968676,0.7963971,1.038568,-0.6211441,0.7860951,1.021721,-0.6063152,0.7802187,1.006266,-0.6033977,0.7856272,1.032766,-0.6687024,0.02281842,
1529062228711,0.7829401,1.022716,-0.6690273,0.7661684,1.016332,-0.6350799,0.7578885,1.011938,-0.6102093,0.7446826,1.052501,-0.6221488,0.7360082,1.03147,-0.6036397,0.7382054,1.013436,-0.5989233,0.7611362,1.05697,-0.6112905,0.7492501,1.033355,-0.5900784,0.7470589,1.012528,-0.5849177,0.782492,1.058823,-0.6073534,0.7710248,1.036537,-0.5869843,0.7669481,1.016446,-0.5815852,0.8026767,1.057479,-0.6064839,0.7924868,1.040951,-0.5912639,0.7867522,1.025503,-0.5880831,0.7918662,1.050083,-0.6537342,0.0227385,
1529062228738,0.7848122,1.029296,-0.6618145,0.7683488,1.023844,-0.627563,0.7603738,1.020053,-0.6024949,0.7472513,1.059934,-0.6150907,0.7385297,1.039227,-0.5962462,0.740519,1.021216,-0.5912752,0.7638339,1.064286,-0.6044515,0.751935,1.04096,-0.5829692,0.7495636,1.020185,-0.5775579,0.7851857,1.066025,-0.6006628,0.7736339,1.044104,-0.5799982,0.7693751,1.0241,-0.5743376,0.8053654,1.064557,-0.5998468,0.7950859,1.048476,-0.5842217,0.7891652,1.033171,-0.5806755,0.794147,1.056617,-0.6470048,0.0228352,
1529062228765,0.7895769,1.039141,-0.6503893,0.7732,1.034178,-0.6160331,0.7654465,1.030627,-0.5908645,0.7525166,1.070013,-0.6034651,0.7433886,1.049486,-0.5846043,0.7448627,1.03142,-0.5795217,0.7692052,1.073958,-0.5928184,0.7569393,1.050779,-0.5713977,0.7540781,1.030043,-0.5658996,0.7905558,1.075396,-0.5889727,0.7786238,1.053731,-0.5682882,0.7738902,1.033834,-0.5624648,0.8107815,1.073611,-0.5880935,0.8002959,1.057877,-0.5722499,0.7940278,1.042754,-0.5684767,0.7993293,1.065961,-0.6354889,0.02351559,
1529062228793,0.7928016,1.044277,-0.6418773,0.7767161,1.039433,-0.6073738,0.7692914,1.035967,-0.582099,0.7557054,1.074751,-0.5948195,0.7466952,1.054209,-0.5758252,0.7480191,1.036183,-0.5704107,0.772409,1.078805,-0.5842423,0.7603007,1.055617,-0.5626432,0.7573279,1.034975,-0.5566813,0.7937402,1.080494,-0.5804276,0.7819343,1.058961,-0.5594708,0.7771277,1.039198,-0.5531118,0.8140911,1.078868,-0.5795595,0.8038338,1.063305,-0.563346,0.7975675,1.048295,-0.5590435,0.8024318,1.071021,-0.6270388,0.02427287,
1529062228834,0.7962365,1.052135,-0.6297294,0.7798413,1.046726,-0.5954817,0.7723778,1.042592,-0.5703143,0.7604832,1.082147,-0.5810471,0.7501502,1.061615,-0.5626971,0.7503582,1.043403,-0.5577775,0.7772603,1.085285,-0.5701576,0.7634968,1.062649,-0.5488423,0.7590959,1.042243,-0.5429815,0.7988445,1.08599,-0.5661004,0.7857482,1.065226,-0.5450633,0.7796584,1.045859,-0.5386074,0.8195229,1.083239,-0.5652336,0.8088758,1.068324,-0.5486243,0.801799,1.05378,-0.5439985,0.807224,1.077505,-0.6136131,0.02535143,
1529062228858,0.7984039,1.054336,-0.6230629,0.7818587,1.048968,-0.5888896,0.7742964,1.044873,-0.5637391,0.7627605,1.084411,-0.574258,0.7523295,1.064024,-0.555746,0.7524702,1.045876,-0.550614,0.7794623,1.087875,-0.5633322,0.7654284,1.06575,-0.5415611,0.760866,1.045542,-0.5352461,0.8011577,1.088791,-0.5592099,0.7879425,1.068701,-0.5375506,0.7817387,1.049581,-0.5305502,0.8220706,1.086065,-0.5583149,0.8116229,1.071717,-0.5410719,0.8045627,1.05736,-0.5359215,0.8095478,1.079744,-0.6069176,0.02548835,
1529062228884,0.8011096,1.055924,-0.616533,0.783875,1.050653,-0.5826892,0.7758191,1.046666,-0.5576744,0.7647974,1.086038,-0.5682536,0.7542002,1.06574,-0.5496956,0.7543538,1.04766,-0.5443359,0.7812903,1.089918,-0.5570812,0.7669492,1.068157,-0.5350823,0.7623242,1.04809,-0.5284259,0.8029929,1.091147,-0.5526384,0.7895451,1.071563,-0.5306142,0.783288,1.052632,-0.5232183,0.8239976,1.08859,-0.5514653,0.81348,1.074668,-0.5339067,0.8064519,1.060422,-0.5284625,0.8120657,1.081533,-0.6003158,0.02529159,
1529062228911,0.8047615,1.057458,-0.6070951,0.7863436,1.052362,-0.5738477,0.7773816,1.04849,-0.5491232,0.7675227,1.087488,-0.5596644,0.7565805,1.06713,-0.5413614,0.7566737,1.049046,-0.5360281,0.7836569,1.091553,-0.5480566,0.7687131,1.069973,-0.5262272,0.7638617,1.04999,-0.5195251,0.80529,1.092799,-0.5430708,0.7912922,1.073434,-0.521119,0.7847792,1.054648,-0.5136065,0.8262165,1.090245,-0.5414175,0.8152519,1.076471,-0.5239788,0.808073,1.062313,-0.5185115,0.8155491,1.083042,-0.5905247,0.02450728,
1529062228938,0.8068898,1.058621,-0.599777,0.7880269,1.053008,-0.5668542,0.7785839,1.048703,-0.5423775,0.7699957,1.087892,-0.5517085,0.7589461,1.067173,-0.5338876,0.7588323,1.04895,-0.5290121,0.7860936,1.091576,-0.5398998,0.7709544,1.069705,-0.5184976,0.7658519,1.049641,-0.5122483,0.8076116,1.092465,-0.5348553,0.793301,1.072849,-0.513295,0.7864717,1.054055,-0.5060726,0.8285722,1.089562,-0.5331661,0.8175013,1.075484,-0.5160302,0.8101497,1.0613,-0.5108746,0.8179042,1.083661,-0.5825515,0.02384995,
1529062228966,0.8095955,1.057423,-0.5913063,0.7902687,1.051872,-0.5586458,0.7805089,1.047629,-0.5342823,0.772029,1.086541,-0.5438883,0.7609608,1.065669,-0.526245,0.7609665,1.04744,-0.5213988,0.7878949,1.090388,-0.5318767,0.7725993,1.068409,-0.5106692,0.7675286,1.048331,-0.5044426,0.8093485,1.091362,-0.526557,0.7948858,1.071591,-0.5052119,0.7880695,1.052767,-0.4980442,0.8301935,1.088611,-0.5246056,0.8188719,1.074426,-0.5077032,0.811516,1.060204,-0.5026491,0.8205777,1.082582,-0.5738248,0.02340776,
1529062228992,0.8109587,1.055518,-0.5852686,0.7912862,1.050236,-0.5527763,0.7813839,1.04623,-0.5284383,0.7728631,1.084142,-0.538578,0.7624601,1.06292,-0.5208908,0.7627466,1.044688,-0.5159208,0.7884923,1.088308,-0.5264484,0.7738006,1.065876,-0.5052369,0.7690387,1.045728,-0.4988726,0.8097209,1.089506,-0.5210722,0.7956815,1.069077,-0.5000145,0.7891914,1.05009,-0.4928835,0.830333,1.087152,-0.5189472,0.8190739,1.072342,-0.5025532,0.8119344,1.057876,-0.497771,0.8211066,1.080871,-0.5681189,0.02250362,
1529062229034,0.8143067,1.051664,-0.5735261,0.7946356,1.046155,-0.5410709,0.7848543,1.042086,-0.516707,0.7767394,1.079673,-0.5263926,0.7674027,1.058159,-0.5083596,0.7680477,1.039969,-0.5031449,0.7923511,1.084231,-0.5145271,0.7788621,1.061279,-0.4931096,0.7748657,1.040941,-0.4868377,0.8135368,1.085807,-0.5095351,0.800561,1.064696,-0.4884678,0.7948203,1.045412,-0.4815401,0.8341085,1.083853,-0.5077358,0.8235631,1.068268,-0.4916192,0.8169376,1.053439,-0.4872462,0.8243573,1.077435,-0.5565107,0.02169959,
1529062229059,0.8149271,1.048723,-0.5687941,0.7952882,1.043017,-0.5363623,0.785665,1.038756,-0.5119761,0.7777505,1.076523,-0.5214134,0.7684207,1.054753,-0.5036858,0.7689823,1.036477,-0.4987455,0.7934018,1.080774,-0.5095258,0.7799138,1.05749,-0.4884804,0.7758203,1.037061,-0.4825341,0.8145317,1.082088,-0.504573,0.8014752,1.060623,-0.4839147,0.795615,1.041252,-0.4772978,0.8350075,1.079987,-0.5027985,0.824317,1.064144,-0.4870506,0.8175726,1.04927,-0.4829616,0.8252316,1.074276,-0.5515177,0.02141394,
1529062229085,0.8155159,1.045492,-0.5636656,0.7959642,1.039382,-0.5312689,0.7865425,1.034791,-0.5068674,0.7791486,1.072906,-0.5155655,0.7700678,1.050829,-0.4981326,0.7707437,1.032447,-0.4936613,0.7948831,1.076859,-0.5037849,0.7816243,1.053166,-0.4830975,0.7776322,1.032586,-0.4776733,0.8160081,1.077981,-0.4989983,0.8031018,1.056121,-0.4786782,0.7972803,1.036606,-0.4724985,0.8364223,1.075795,-0.4973886,0.8257838,1.059677,-0.4819275,0.8190168,1.044716,-0.4782135,0.8262224,1.070836,-0.5460595,0.02072442,
